000000
000000
000000
000000
000000
000000
000000
000000
000000
000000
000000
000000
000000
000000
000000
000000
000000
000000
000000
000000
000000
000000
000000
000000
000000
000000
000000
000000
000000
000000
000000
000000
000000
000000
000000
000000
000000
000000
000000
000000
000000
000000
000000
000000
000000
000000
000000
000000
000000
000000
000000
000000
000000
000000
000000
000000
000000
000000
000000
000000
000000
000000
000000
000000
000000
000000
000000
000000
000000
000000
000000
000000
000000
000000
000000
000000
000000
000000
000000
000000
000000
000000
000000
000000
000000
000000
000000
000000
000000
000000
000000
000000
000000
000000
000000
000000
000000
000000
000000
000000
000000
000000
000000
000000
000000
000000
000000
000000
000000
000000
000000
000000
000000
000000
000000
000000
000000
000000
000000
000000
000000
000000
000000
000000
000000
000000
000000
042c24
000000
000000
000000
000000
000000
000000
000000
000000
000000
000000
000000
000000
000000
000000
000000
000000
000000
000000
000000
000000
000000
000000
000000
000000
000000
000000
000000
000000
000000
000000
000000
000000
000000
000000
000000
000000
000000
000000
000000
000000
021511
0b654a
0d7b5c
063729
000000
000000
000000
000000
061b16
0f8c66
084f3d
000000
000000
000000
000000
000000
000000
000000
000000
000000
000000
000000
000000
000000
000000
000000
000000
000000
000000
000000
000000
000000
000000
000000
000000
000000
000000
000000
000000
000000
000000
000000
000000
000000
000000
000000
000000
000000
000000
000000
000000
0a644d
10966b
11986c
08513e
000000
000000
020907
0a4d3a
10966b
11986c
063729
000000
000000
000000
000000
000000
000000
000000
000000
000000
000000
000000
000000
000000
000000
000000
000000
000000
000000
000000
000000
000000
000000
000000
000000
000000
000000
000000
000000
000000
000000
000000
000000
000000
000000
000000
000000
000000
000000
02120e
085040
11986d
10946a
0c7355
074536
000000
061c16
0c7b5b
0e8561
11986d
0d7d5d
000000
000000
000000
000000
000000
000000
000000
000000
000000
000000
000000
000000
000000
000000
000000
000000
000000
000000
000000
000000
000000
000000
000000
000000
000000
000000
000000
000000
000000
000000
000000
000000
000000
000000
000000
000000
000000
000000
063e32
0a5e49
10966b
0e8561
0a4b39
072e22
085137
034931
002318
043221
096245
085541
000000
000000
000000
000000
000000
000000
000000
000000
000000
000000
000000
000000
000000
000000
000000
000000
000000
000000
000000
000000
000000
000000
000000
000000
000000
000000
000000
000000
000000
000000
000000
000000
000000
000000
000000
02120e
042a22
041d17
0b5d46
0c7557
0c7154
0c7755
094649
2b74a9
77bcea
9ae2ff
bafdff
7dcfff
4a92ce
3285b4
0d2b4f
000000
000001
000000
000000
000000
000000
000000
000000
000000
000000
000000
000000
000000
000000
000000
000000
000000
000000
000000
000000
000000
000000
000000
000000
000000
000000
000000
000000
000000
000000
000000
000000
042920
095e4b
083f31
083227
08281f
083227
085342
074f51
458db3
83d3fd
96ddf9
b6f6ff
8dd6f7
aceeff
aceeff
b6f6ff
3997e2
86d5fa
3288d4
030d19
000001
000000
000000
000000
000000
000000
000000
000000
000000
000000
000000
000000
000000
000000
000000
000000
000000
000000
000000
000000
000000
000000
000000
000000
000000
000000
000000
000000
000000
042c23
084a3b
08251d
082920
082920
082920
08281f
08474b
93d5f5
9ae0fa
71c1f0
9ae1fb
55ace9
b3f3ff
aceeff
aceeff
aff0ff
9be1fb
abedff
94ddf9
a5d0f2
000817
000000
010101
000000
000000
000000
000000
000000
000000
000000
000000
000000
000000
000000
000000
000000
000000
000000
000000
000000
000000
000000
000000
000000
000000
000000
000000
000000
000000
021611
04100d
092c22
082920
082920
092c22
031108
406e98
9de3fb
3d9ae3
b6f5ff
78c7f2
97defa
a7edff
92dbfa
b3f3ff
adf1ff
658dbb
abe7ff
b9f1ff
bef2ff
95dbf9
91a9b9
000000
000000
000000
000000
000000
000000
000000
000000
000000
000000
000000
000000
000000
000000
000000
000000
000000
000000
000000
000000
000000
000000
000000
000000
000000
000000
010101
000000
000000
000100
062019
092d24
000000
20477d
6ac2f6
388cd2
3a91d6
b7f7ff
93dbf8
92ddfb
e5ffff
607fa3
79a9cf
f8ffff
b67770
208ddf
f6ffff
8fdbfa
bbfcff
8cb5d9
000000
000000
000000
000000
000000
000000
000000
000000
000000
000000
000000
000000
000000
000000
000000
000000
000000
000000
000000
000000
000000
000000
000000
000000
000000
000000
000000
feffff
dcffff
c0c7c7
787878
021537
2d72ba
1d5fa0
3583c5
2a71b3
1c5c9d
4991c8
9ae4ff
408eca
5e81a8
eb8160
f78a65
83e7ff
e97f60
7e5a6c
98e5ff
659cc4
559ed5
86c5ef
000000
000000
000000
000000
000000
000000
000000
000000
000000
000000
000000
000000
000000
000000
000000
000000
000000
000000
000000
000000
000000
000000
000000
000000
000000
000000
000000
d4ffff
c1f8f2
b5fcf1
3b70a4
47a2e4
2b74b6
2b73b5
2a72b4
1d5d9f
3182c7
80caee
8ae0ff
3a2930
8d4429
ffb997
fea886
d7a9a0
362115
0c265b
6ea6cb
1c569d
0f377c
c5fefe
143e64
000000
000000
000000
000000
000000
000000
000000
000000
000000
000000
000000
000000
000000
000000
000000
000000
000000
000000
000000
000000
000000
000000
000000
000000
000000
010101
52726e
e7fefd
dafffb
1258a3
516897
1f5fa4
6dc4f8
1c5698
1a5097
71b0d4
2a73bd
000002
111110
000001
261610
fff4e3
fff9e8
000013
1e5395
2464a8
132f72
355692
78b9df
133b5f
000000
000000
000000
000000
000000
000000
000000
000000
000000
000000
000000
000000
000000
000000
000000
000000
000000
000000
000000
000000
000000
000000
000000
000000
000000
000000
273634
b4fdf4
fcffff
8fb7d1
87a4c3
86d5fc
488ac2
163274
72bee8
66a6ce
84d2f8
3d83ae
cee6ff
000b4b
a67356
fee7d7
ffeed2
0a53f4
153e80
46a0e2
194487
a8d1f8
488bbb
0e2649
000000
000000
000000
000000
000000
000000
000000
000000
000000
000000
000000
000000
000000
000000
000000
000000
000000
000000
000000
000000
000000
000000
000000
000000
000000
000000
000000
bffffd
b9e9f1
aeedec
4c75b2
5db1e7
5194c8
0a3077
aaf2ff
1d5ba1
80d3fb
dffdff
4391d9
0038d0
ffe6c8
ffe6d5
ffead9
be9eaf
4c3437
224f91
52b3f5
4d75b0
6dadcd
000000
000000
000000
000000
000000
000000
000000
000000
000000
000000
000000
000000
000000
000000
000000
000000
000000
000000
000000
000000
000000
000000
000000
000000
000000
000000
000000
000000
bffffd
9fc1d6
96b3d6
b9fdf8
5e8eab
8093b6
749abd
114a93
133c80
2061a7
ade9ff
f4ffff
86caed
ffc7a6
fec3a9
fff4e6
d8825f
222f5b
5e83b7
2f79bc
6d99b9
a3b6b6
343838
000000
000000
000000
000000
000000
000000
000000
000000
000000
000000
000000
000000
000000
000000
000000
000000
000000
000000
000000
000000
000000
000000
000000
000000
000000
010101
000000
cfffff
acecee
8ea5d4
8b97c8
97b5d7
b8eef1
fcffff
fbffff
c7dbe7
092970
1f589d
729ac2
869cbf
648cb7
daa083
b6b397
aaf4fb
6c79b1
9cc1e1
80b2cb
f0ffff
edffff
feffff
ecffff
2a3c3a
000000
000000
000000
000000
000000
000000
000000
000000
000000
000000
000000
000000
000000
000000
000000
000000
000000
000000
000000
000000
000000
010101
000000
778080
ffffff
effefe
e4fffc
94c8e7
94bfe9
8a90c2
92b5e1
8fafd3
e7ffff
f2ffff
a3aec6
595387
1e398a
f2968e
a74d22
604a80
c284a5
edd6e2
bd8cb5
bafff5
a3daec
a1dceb
def1fb
8dbee3
5b7d77
010101
000000
000000
000000
000000
000000
000000
000000
000000
000000
000000
000000
000000
000000
000000
000000
000000
000000
000000
000000
000000
000000
5e827e
e9ffff
cffbf5
f6ffff
f4ffff
efffff
f5ffff
cbf1f6
8797ca
8a8ec0
8b93c4
8eb2e1
857d99
e5aec4
ffdae4
c7b6bf
8a7dc7
bc7a82
fd9995
5f63bc
ebd5dc
a68caa
8a9bce
8b92c3
8993c8
d9fef9
91cbc2
000000
000000
000000
000000
000000
000000
000000
000000
000000
000000
000000
000000
000000
000000
000000
000000
000000
000000
000000
000000
000000
000000
010101
202c2b
c0fffe
ace8ec
8db7e4
8eb8e5
b2e0f0
c2e1f5
c0def4
c2f6f5
9ed4ee
90abd8
8a90c3
9a6f98
d9a2bf
ffeff2
dda9b5
d19b7c
d79574
af4b30
7a2d39
936482
af6e62
90bced
8c99c9
a4ddec
91c9c3
000000
000000
000000
000000
000000
000000
000000
000000
000000
000000
000000
000000
000000
000000
000000
000000
000000
000000
000000
000000
000000
000000
000000
000000
010101
273533
8ec3bb
98bdde
8fa6d3
8d9ccb
8a8fc1
8b92c3
888ec2
8990c3
8a90c2
91b1de
8c638b
b885ae
9e739e
c3889d
f9bfa6
e9947b
dcac90
fff7e8
e2b59b
a75131
897a73
8eb6e5
8fc6bb
000000
000000
000000
000000
000000
000000
000000
000000
000000
000000
000000
000000
000000
000000
000000
000000
000000
000000
000000
000000
000000
000000
000000
000000
000000
000000
000000
000000
8cbdc2
9bcae8
8faedc
95c3ea
90a9d6
8a90c2
8b93c4
8b93c5
97a2d1
443b75
997298
956f96
c0757b
ffaf8c
fff1e3
ffe1cc
c97d63
c77152
ffaf91
3c305e
a6d5e3
bdc7c7
000000
000000
000000
000000
000000
000000
000000
000000
000000
000000
000000
000000
000000
000000
000000
000000
000000
000000
000000
000000
000000
000000
000000
000000
000000
000000
000000
000000
000000
628681
90b6af
c0dcf2
c8e1f4
9cd2ec
9aacda
4e4e88
04003e
11094b
080246
090346
1d154d
be602c
c58256
953f0a
3c315f
745284
5e4973
1a65fd
104cdd
ccdff4
333737
000000
000000
000000
000000
000000
000000
000000
000000
000000
000000
000000
000000
000000
000000
000000
000000
000000
000000
000000
000000
000000
000000
000000
000000
000000
000000
000000
010101
2b2e2e
ffffff
caeef5
95c8e5
798ebf
04003e
10094b
100440
101569
10084a
0f013c
1d5deb
1a65fc
1657e9
1149d7
184acc
1748cb
2165f2
2062ee
2062ee
0e4cdd
919fb4
000000
000000
000000
000000
000000
000000
000000
000000
000000
000000
000000
000000
000000
000000
000000
000000
000000
000000
000000
000000
000000
000000
000000
000000
000000
000000
000000
000000
fcffff
a5e5ea
a4d9e9
7b9bca
07003d
10115f
101b78
1038bc
100440
100747
1842bb
2062ed
2062ee
2062ee
2062ee
2062ee
2062ee
2062ee
2062ee
2062ee
2062ee
1653e5
03071c
000001
000000
000000
000000
000000
000000
000000
000000
000000
000000
000000
000000
000000
000000
000000
000000
000000
000000
000000
000000
000000
000000
000000
000000
000000
000000
464949
557975
5a7b77
61828b
0d0743
384b9e
1032af
1031ac
1034b2
100644
131a6a
1d59e3
2164f0
2062ee
2062ee
2062ee
2062ee
2062ee
2062ee
2062ee
2062ee
2062ee
2062ee
1a4fdf
000000
000000
000000
000000
000000
000000
000000
000000
000000
000000
000000
000000
000000
000000
000000
000000
000000
000000
000000
000000
000000
000000
000000
000000
000000
000000
000000
000000
000000
3e4970
96a5b2
0225aa
1031ac
1031ac
0b30b2
100038
1e60f0
1746c9
2062ee
2062ee
2062ee
2062ee
2062ee
2062ee
2062ee
2062ee
2062ee
2062ee
2062ee
195ff3
4e5359
010101
000000
000000
000000
000000
000000
000000
000000
000000
000000
000000
000000
000000
000000
000000
000000
000000
000000
000000
000000
000000
000000
000000
000000
000000
000000
000000
000000
5d708a
5069b6
1131ac
0c2dab
2d4ab0
8095c1
0b2088
133ab8
1d57e0
2062ee
195ded
195ded
2062ee
2062ee
2062ee
2062ee
5d8ff3
0a52ec
2163ee
2062ee
0b52ec
e2ecf2
000000
000000
000000
000000
000000
000000
000000
000000
000000
000000
000000
000000
000000
000000
000000
000000
000000
000000
000000
000000
000000
000000
000000
000000
000000
000000
000000
000000
968caf
526ab4
0729ab
7c8fba
98a8be
9cacc1
0c2ca2
0f2ca6
2266f2
4e84f2
c7ddfb
c7ddfb
4e84f2
2163ee
2062ee
2163ee
83aaf6
ffffff
467ef1
2263ee
8bb1f7
ffffff
000000
000000
000000
000000
000000
000000
000000
000000
000000
000000
000000
000000
000000
000000
000000
000000
000000
000000
000000
000000
000000
000000
000000
000000
000000
000000
000000
000000
ab79a7
4e6db8
536bb5
93a4bd
94a4bd
9dacbe
0326aa
143cbb
4780f3
ffffff
f6ffff
f6ffff
ffffff
4e84f2
2062ee
1258ed
ffffff
f6ffff
ffffff
3874f0
ffffff
deb2d0
000000
000000
000000
000000
000000
000000
000000
000000
000000
000000
000000
000000
000000
000000
000000
000000
000000
000000
000000
000000
000000
000000
000000
000000
000000
000000
000000
010101
241a21
90769c
98abc0
94a4bd
94a4bd
93a4bd
576fb5
023acb
ffffff
f6ffff
f6ffff
f6ffff
f6ffff
c7ddfb
195ded
0b53ec
ffffff
f6ffff
f8ffff
fffcf9
b996b9
c093a5
000000
000000
000000
000000
000000
000000
000000
000000
000000
000000
000000
000000
000000
000000
000000
000000
000000
000000
000000
000000
000000
000000
000000
000000
000000
000000
000000
000000
010001
5d4358
a786ad
8d93b0
95a6bf
94a4bd
4e67b4
869ad6
f5feff
f6ffff
f6ffff
f6ffff
f6ffff
fdffff
5085f2
8bb1f7
f8ffff
e3e0ea
edbfd2
e9c2de
6d505f
000000
000000
000000
000000
000000
000000
000000
000000
000000
000000
000000
000000
000000
000000
000000
000000
000000
000000
000000
000000
000000
000000
000000
000000
000000
000000
000000
000000
000000
000000
000000
130f16
cd93c1
9479a0
968aab
9b8cab
cadbe3
f8ffff
faffff
f5ffff
fbffff
f5ffff
fbffff
badaff
f4d6dd
cfa8c4
efc4df
7e8080
000000
010101
000000
000000
000000
000000
000000
000000
000000
000000
000000
000000
000000
000000
000000
000000
000000
000000
000000
000000
000000
000000
000000
000000
000000
000000
000000
000000
000000
000000
000000
000000
000000
010101
000000
291e27
6b506e
ba87b0
b98aa8
d89ebc
b27aa9
fffcff
b176a9
fff3f8
a971a1
ffe3ea
b198b7
956e88
000000
010101
000000
000000
000000
000000
000000
000000
000000
000000
000000
000000
000000
000000
000000
000000
000000
000000
000000
000000
000000
000000
000000
000000
000000
000000
000000
000000
000000
000000
000000
000000
000000
000000
000000
000000
000000
010001
433145
dea3c0
d99fbe
c791b5
3c2e42
000000
000000
303030
8d6792
926994
b987b0
473548
010001
000000
000000
000000
000000
000000
000000
000000
000000
000000
000000
000000
000000
000000
000000
000000
000000
000000
000000
000000
000000
000000
000000
000000
000000
000000
000000
000000
000000
000000
000000
000000
000000
000000
000000
000000
000000
000000
dfa5c6
f7ffff
faffff
e3cde3
000000
000000
000000
000000
815e7e
b483ac
b483ac
b685b2
000000
000000
000000
000000
000000
000000
000000
000000
000000
000000
000000
000000
000000
000000
000000
000000
000000
000000
000000
000000
000000
000000
000000
000000
000000
000000
000000
000000
000000
000000
000000
000000
000000
000000
000000
000000
000000
000000
dca3c4
f5ffff
f6ffff
e0c9e0
000000
000000
000000
000000
18121b
bd89b4
b483ac
c18cb8
000000
000000
000000
000000
000000
000000
000000
000000
000000
000000
000000
000000
000000
000000
000000
000000
000000
000000
000000
000000
000000
000000
000000
000000
000000
000000
000000
000000
000000
000000
000000
000000
000000
000000
000000
000000
000000
010001
684c5a
faf4f7
fbdee7
d5afcb
000000
000000
000000
000000
000000
4c384c
a87ca9
755778
000000
000000
000000
000000
000000
000000
000000
000000
000000
000000
000000
000000
000000
000000
000000
000000
000000
000000
000000
000000
000000
000000
000000
000000
000000
000000
000000
000000
000000
000000
000000
000000
000000
000000
000000
000000
000000
000000
170f19
cbbed5
e6bdd8
857a90
000000
000000
000000
000000
000000
010001
000000
000000
000000
000000
000000
000000
000000
000000
000000
000000
000000
000000
000000
000000
000000
000000
000000
000000
000000
000000
000000
000000
000000
000000
000000
000000
000000
000000
000000
000000
000000
000000
000000
000000
000000
000000
000000
000000
000000
000000
010001
000000
000000
000000
000000
000000
000000
000000
000000
000000
000000
000000
000000
000000
000000
000000
000000
000000
000000
000000
000000
000000
000000
000000
000000
000000
000000
000000
000000
000000
000000
000000
000000
000000
000000
000000
000000
000000
000000
000000
000000
000000
000000
000000
000000
000000
000000
000000
000000
000000
000000
000000
000000
000000
000000
000000
000000
000000
000000
000000
000000
000000
000000
000000
000000
000000
000000
000000
000000
000000
000000
000000
000000
000000
000000
000000
000000
000000
000000
000000
000000
000000
000000
000000
000000
000000
000000
000000
000000
000000
000000
000000
000000
000000
000000
000000
000000
000000
000000
000000
000000
000000
000000
000000
000000
000000
000000
000000
000000
000000
000000
000000
000000
000000
000000
000000
000000
000000
000000
000000
000000
000000
000000
000000
000000
000000
000000
000000
000000
000000
000000
000000
000000
000000
000000
000000
000000
000000
000000
000000
000000
000000
000000
000000
000000
000000
000000
000000
000000
000000
000000
000000
000000
000000
000000
000000
000000
000000
000000
000000
000000
000000
000000
000000
000000
000000
000000
000000
000000
000000
000000
000000
000000
000000
000000
000000
000000
000000
000000
000000
000000
000000
000000
000000
000000
000000
000000
000000
000000
000000
000000
000000
000000
000000
000000
000000
000000
000000
000000
000000
000000
000000
000000
000000
000000
000000
000000
000000
000000
000000
000000
000000
000000
000000
000000
000000
000000
000000
000000
000000
000000
000000
000000
000000
000000
000000
000000
000000
000000
000000
000000
000000
000000
000000
000000
000000
000000
000000
000000
000000
000000
000000
000000
000000
000000
000000
000000
000000
000000
000000
000000
000000
000000
000000
000000
000000
000000
000000
000000
000000
000000
000000
000000
000000
000000
000000
000000
000000
000000
000000
000000
000000
000000
000000
000000
000000
000000
000000
000000
000000
000000
000000
000000
000000
000000
000000
000000
000000
000000
000000
000000
000000
000000
000000
000000
000000
000000
000000
000000
000000
000000
000000
000000
000000
000000
000000
000000
000000
000000
000000
000000
000000
000000
000000
000000
000000
000000
000000
000000
000000
000000
000000
000000
000000
000000
000000
000000
000000
000000
000000
000000
000000
000000
000000
000000
000000
000000
000000
000000
000000
000000
000000
000000
000000
000000
000000
000000
000000
000000
000000
000000
000000
000000
000000
000000
000000
000000
000000
000000
000000
000000
000000
000000
000000
000000
000000
000000
000000
000000
000000
000000
000000
000000
000000
000000
000000
000000
000000
000000
000000
000000
000000
000000
000000
000000
000000
000000
000000
000000
000000
000000
000000
000000
000000
000000
000000
000000
000000
000000
000000
000000
000000
000000
000000
000000
000000
000000
000000
000000
000000
000000
000000
000000
000000
000000
000000
000000
000000
000000
000000
000000
000000
000000
000000
000000
000000
000000
000000
000000
000000
