000000
000000
000000
000000
000000
000000
000000
000000
000000
000000
000000
000000
000000
000000
000000
000000
000000
000000
000000
000000
000000
000000
000000
000000
000000
000000
000000
000000
000000
000000
000000
000000
000000
000000
000000
000000
000000
000000
000000
000000
000000
000000
000000
000000
000000
000000
000000
000000
000000
000000
000000
000000
000000
000000
000000
000000
000000
000000
000000
000000
000000
000000
000000
000000
000000
000000
000000
000000
000000
000000
000000
000000
000000
000000
000000
000000
000000
000000
000000
000000
000000
000000
000000
000000
000000
000000
000000
000000
000000
000000
000000
000000
000000
000000
000000
000000
000000
000000
000000
000000
000000
000000
000000
000000
000000
000000
000000
000000
000000
000000
000000
000000
000000
000000
000000
000000
000000
000000
000000
000000
000000
000000
000000
000000
000000
000000
000000
000000
000000
000000
000000
000000
000000
000000
000000
000000
000000
000000
000000
000000
000000
000000
000000
000000
000000
000000
000000
000000
000000
000000
000000
000000
000000
000000
000000
000000
000000
000000
000000
000000
000000
000000
000000
000000
000000
000000
000000
000000
000000
000000
000000
000000
000000
000000
000000
000000
000000
010403
095742
000000
000000
000000
000000
000000
000000
000000
000000
000000
000000
000000
000000
000000
000000
000000
000000
000000
000000
000000
000000
000000
000000
000000
000000
000000
000000
000000
000000
000000
000000
000000
000000
000000
000000
000000
000000
000000
000000
042a22
12a475
0f8b65
0b6349
02100d
000000
000000
000000
000000
020907
05201a
119e70
084f3c
000000
000000
000000
000000
000000
000000
000000
000000
000000
000000
000000
000000
000000
000000
000000
000000
000000
000000
000000
000000
000000
000000
000000
000000
000000
000000
000000
000000
000000
000000
000000
000000
000000
000000
000000
000000
000000
000000
0a634d
11986d
10966b
0a614b
074335
000000
000000
010806
0b4432
0f8b65
10966b
11a072
000000
000000
000000
000000
000000
000000
000000
000000
000000
000000
000000
000000
000000
000000
000000
000000
000000
000000
000000
000000
000000
000000
000000
000000
000000
000000
000000
000000
000000
000000
000000
000000
000000
000000
000000
000000
000000
000000
095845
0b6e53
10946a
119a6e
0a654d
095241
030b09
083228
0a5c46
0a5642
0c7557
0c7255
042a22
000000
000000
000000
000000
000000
000000
000000
000000
000000
000000
000000
000000
000000
000000
000000
000000
000000
000000
000000
000000
000000
000000
000000
000000
000000
000000
000000
000000
000000
000000
000000
000000
000000
000000
000000
000000
02120e
0a624c
119d6f
10966b
0c7255
072c20
0b2f36
197a8e
41949c
5d8d8f
216c8b
0d4f6a
0a5152
022518
000001
000000
000000
000000
000000
000000
000000
000000
000000
000000
000000
000000
000000
000000
000000
000000
000000
000000
000000
000000
000000
000000
000000
000000
000000
000000
000000
000000
000000
000000
000000
000000
000000
000000
000000
000000
031814
0a684f
084e3e
096047
085d59
2a7caf
61baf5
b7f7ff
b3f3ff
aceeff
b2f3ff
9ce5ff
4ca9ef
3185d1
0c2b4b
000000
000000
000000
000000
000000
000000
000000
000000
000000
000000
000000
000000
000000
000000
000000
000000
000000
000000
000000
000000
000000
000000
000000
000000
000000
000000
000000
000000
000000
000000
000000
000000
000000
042c23
064436
083529
083026
07543d
387ba3
9be5ff
96def9
b6f5ff
75c4f1
90d9f8
aceeff
aceeff
aff0ff
78c7f2
b9f8ff
60b8f1
165691
000000
000000
000000
000000
000000
000000
000000
000000
000000
000000
000000
000000
000000
000000
000000
000000
000000
000000
000000
000000
000000
000000
000000
000000
000000
000000
000000
000000
000000
000000
010f0c
095d4a
083d30
08251d
082920
082920
134b6d
b8faff
9be1fb
74c4f1
97defa
78c7f2
aceeff
aceeff
aceeff
b3f3ff
55ade9
b0f2ff
a8efff
fefefe
316997
000000
000000
000000
000000
000000
000000
000000
000000
000000
000000
000000
000000
000000
000000
000000
000000
000000
000000
000000
000000
000000
000000
000000
000000
000000
000000
000000
000000
000000
095d4a
083026
082920
082920
082920
062615
69a3d3
9ae0fa
3d9ae3
b6f5ff
74c4f1
cbfaff
bcf2ff
92dbfa
b3f3ff
adf1ff
6c92bd
9ad1f6
d6f7ff
adf0ff
bafbfe
00234a
000000
000000
000000
000000
000000
000000
000000
000000
000000
000000
000000
000000
000000
000000
000000
000000
000000
000000
000000
000000
000000
000000
000000
000000
000000
000000
000000
000000
042019
062019
082a21
082920
07281a
153b70
5199cd
388dd2
47a4e9
b2f2ff
74c4f1
b1f4ff
e1ffff
6c92b7
b0c1d0
f1ffff
b17571
94b1cf
b0f4ff
76c7f3
b8f9ff
85afd4
fdffff
7e8787
000000
000000
000000
000000
000000
000000
000000
000000
000000
000000
000000
000000
000000
000000
000000
000000
000000
000000
000000
000000
000000
010101
000000
000000
000000
000000
000000
000000
020806
0b2b32
21588a
2c77b9
3685c7
286eb0
266eb1
92d5ef
7ecdf6
58ace8
6785ac
ffa07b
cca49e
86e3ff
c8795c
3a425e
c1ffff
2067b1
7dcdf7
8aafcd
d4ecf8
778080
000000
000000
000000
000000
000000
000000
000000
000000
000000
000000
000000
000000
000000
000000
000000
000000
000000
000000
000000
000000
000000
000000
ffffff
dcffff
e0ffff
f0ffff
bec7c7
777f7f
787878
2061aa
459ee0
1d5d9f
2c75b7
1d5ea0
2b73b5
2374be
6b9db4
000000
170600
cd896f
ffcbaf
e0d2d1
000000
14347f
5ca9de
0c2f75
a5edff
4390d2
c3def3
7f8888
000000
000000
000000
000000
000000
000000
000000
000000
000000
000000
000000
000000
000000
000000
000000
000000
000000
000000
000000
000000
000000
000000
eeffff
e3fdfc
aef5ec
bff8f1
cbfaf5
f0ffff
788eb1
48a3e5
184385
429bdf
1e60a2
174e91
4d95cb
8bd9fe
082c4e
959a9b
000000
2b1812
fff0df
fff1db
012592
194280
0b3279
b0d9e7
629bc4
60a2cf
ebffff
000000
000000
000000
000000
000000
000000
000000
000000
000000
000000
000000
000000
000000
000000
000000
000000
000000
000000
000000
000000
000000
000000
000000
89c0b9
e3fdfc
f1ffff
daedfa
dbf1fa
eeffff
839abb
165498
1f579c
85d4fa
1a4a8b
296ab1
79c1e7
6ba0c4
68b6e5
5686df
114fe6
edb089
ffe6d5
ffeed9
354bba
527594
347cbe
4b5b97
3775b6
5e89b5
a7c7c7
000000
000000
000000
000000
000000
000000
000000
000000
000000
000000
000000
000000
000000
000000
000000
000000
000000
000000
000000
000000
000000
000000
000000
273533
bcfffd
e5fefc
c4fef2
94c3e6
bfdaf2
c5d7e4
8aa2c0
1a5ca6
a7eeff
0e2c71
6594bc
76c1e9
1a5198
e3ffff
abecff
506dbd
ffddc4
ffeada
ffe5d4
fff3db
42333c
4399db
3e6fae
7ba0cd
7acae7
273534
000000
000000
000000
000000
000000
000000
000000
000000
000000
000000
000000
000000
000000
000000
000000
000000
000000
000000
000000
000000
000000
000000
000000
010101
5a7b77
b1f5ed
9fd5ea
a0c4d8
bafff3
c2fdf4
e9ffff
c4d4e0
3184cc
204d90
80ccf0
1e559b
183d7f
4ea6e0
f1ffff
7dc8f4
ffe4ca
ffcfb6
e3a787
503345
335297
2063a6
2664a8
9fc8f0
94d3dc
000000
010101
000000
000000
000000
000000
000000
000000
000000
000000
000000
000000
000000
000000
000000
000000
000000
000000
000000
000000
000000
000000
000000
000000
000000
000000
c6ffff
b8fdf0
8a98cc
8a96c9
8a97ca
93b5d6
c9eff5
c5d4e1
889dbb
4875ad
466195
1d5ea1
19488c
90d7fa
98d7fd
c55a37
8e4129
a2bed4
cabdd2
7380b3
7995c4
5e91cb
a4d9ea
d3fcf6
ffffff
778080
000000
010101
000000
000000
000000
000000
000000
000000
000000
000000
000000
000000
000000
000000
000000
000000
000000
000000
000000
000000
000000
000000
010101
000000
4a6a66
b0f5ed
a2cfe2
92b3de
8fa7d4
8d9ecd
94bfe9
93c0df
bfd3eb
ecffff
e5ebef
7d6590
e0a4bc
363987
a1aacf
c98a6b
b5b4ea
b68fbf
f9ffff
e3b5cb
95bfe1
b1eef0
b4f6ee
c0f8f2
f2ffff
effefe
ffffff
5b827d
000000
000000
000000
000000
000000
000000
000000
000000
000000
000000
000000
000000
000000
000000
000000
000000
000000
000000
000000
010101
2b2e2e
ffffff
f7ffff
f4ffff
d1fef6
b0dbef
9cceeb
898bbf
8a90c2
8b93c4
8d9ecd
8fb5e3
845a86
ffd0dd
f6f7f9
ffffff
965052
913833
c72c21
4f388b
7e67a3
b27faa
b7fff4
b7fcf1
aeecee
a5dcec
c7ecf4
c9edf5
9fd2f5
222e2b
010101
000000
000000
000000
000000
000000
000000
000000
000000
000000
000000
000000
000000
000000
000000
000000
000000
000000
010101
2b2e2e
feffff
eeffff
eeffff
eeffff
eeffff
f2ffff
c1faf2
aeecee
99c0e1
90a9d6
8d9ccb
8d9fcf
9d7098
ac7ca8
dea4c0
d57f7d
fffdef
ffc8b3
a85832
d7a183
ffcfb3
853609
8886a5
888bc0
898ec2
8896c9
e1f3fc
bbfffc
212e2b
010101
000000
000000
000000
000000
000000
000000
000000
000000
000000
000000
000000
000000
000000
000000
000000
000000
000000
000000
2b3d3b
dcffff
d1fbf7
c8ebf4
c2e9f2
e7fffd
c0dff4
bcc8e1
aec7de
a0c5da
a2c9da
8ea6d5
90aad7
91aedb
816892
ab7da6
987099
ac7593
f99a77
f3b69f
fff1e3
fcd3c2
a5532d
de8b6a
7d696b
95c1e9
8fa7d4
a0d0e2
ceffff
212c2b
010101
000000
000000
000000
000000
000000
000000
000000
000000
000000
000000
000000
000000
000000
000000
000000
000000
000000
000000
000000
000000
c8d0d0
d6fffe
d0fcf6
e3f2fc
8cb5e4
8fa5d2
90acd8
8a91c3
8b94c5
8b94c5
8b94c5
8b94c5
8f98c9
7179ae
483267
48346a
764248
ffa384
ffe6d3
d68f73
8c3c0b
f78d6b
d77547
748ca9
9ac9e7
8db6e5
caffff
202c2b
010101
000000
000000
000000
000000
000000
000000
000000
000000
000000
000000
000000
000000
000000
000000
000000
000000
000000
000000
000000
000000
000000
000000
343838
bcc7c7
e0ffff
a7eaea
91b9e6
92b9e5
8cb0dd
8ca4d4
8ea0ce
8a92c3
7176ab
2b2765
0c0446
10084a
10084a
080043
4b4f7f
3b274d
473457
052fb9
0d4ad9
0d45d2
134edf
96d1de
e5ffff
000000
010101
000000
000000
000000
000000
000000
000000
000000
000000
000000
000000
000000
000000
000000
000000
000000
000000
000000
000000
000000
000000
000000
000000
000000
000000
000000
000000
7e8080
d9fffe
d1fdf6
ecfffe
b4d6e7
888bbf
7b95c4
080041
10084a
10084a
10084a
0f023f
1d52d1
2061ed
2267f5
1748cb
184acd
1645c6
2164f0
2062ee
124cde
b4d3e6
767f7f
010101
000000
000000
000000
000000
000000
000000
000000
000000
000000
000000
000000
000000
000000
000000
000000
000000
000000
000000
000000
000000
000000
000000
000000
000000
000000
010101
2c2f2f
f7ffff
def3fa
8cb5e4
90bae5
7d9fcc
070040
10084a
100440
101466
100747
1842bb
2062ed
2062ee
2062ee
2062ee
2062ee
2062ee
2062ee
2062ee
2062ee
0e4bdc
d5eaff
000000
000000
000000
000000
000000
000000
000000
000000
000000
000000
000000
000000
000000
000000
000000
000000
000000
000000
000000
000000
000000
000000
000000
000000
000000
000000
000000
fbffff
aed6ed
a7dff1
aff1f3
b6ccd6
00003c
100644
101d7b
1035b6
101e7e
0e0c59
2268f8
2164f0
2062ee
2062ee
2062ee
2062ee
2062ee
2062ee
2062ee
2062ee
2164f0
4c71d5
383838
000000
000000
000000
000000
000000
000000
000000
000000
000000
000000
000000
000000
000000
000000
000000
000000
000000
000000
000000
000000
000000
000000
000000
000000
000000
464949
557975
5c7f78
202e2c
bfbfbf
4b4d79
434e68
0e2799
1031ac
1034b3
100441
19359b
1d57e0
1b54db
2062ee
2062ee
2062ee
2062ee
2062ee
2062ee
2062ee
2062ee
2062ee
114ddc
6b7170
000000
000000
000000
000000
000000
000000
000000
000000
000000
000000
000000
000000
000000
000000
000000
000000
000000
000000
000000
000000
000000
000000
000000
000000
000000
000000
000000
000000
383838
aeddde
495871
2f4891
1031ac
0c2dab
3150b6
0b003b
1951db
0d29a1
2165f2
2062ee
2062ee
2062ee
2062ee
2062ee
2163ee
1157ed
2163ee
2062ee
165bef
686a67
010101
000000
000000
000000
000000
000000
000000
000000
000000
000000
000000
000000
000000
000000
000000
000000
000000
000000
000000
000000
000000
000000
000000
000000
000000
000000
000000
000000
2b3d3b
506a74
4b5a6d
0b2eb2
2c4ab0
778bb9
a0b1c5
060252
1a50d7
194bcf
2162ee
4e84f2
4e84f2
2163ee
2062ee
2062ee
1258ed
ffffff
467ef1
2163ee
4f84f2
d7e3ef
000000
000000
000000
000000
000000
000000
000000
000000
000000
000000
000000
000000
000000
000000
000000
000000
000000
000000
000000
000000
000000
000000
000000
000000
000000
000000
000000
000000
000000
463147
758999
1f3eae
9dacbe
94a4bd
9caec4
12329e
0e2ca5
194acd
467ef1
ffffff
ffffff
467ef1
2163ee
2062ee
4f84f2
fdffff
ffffff
467ef1
8cb1f7
ffffff
000000
000000
000000
000000
000000
000000
000000
000000
000000
000000
000000
000000
000000
000000
000000
000000
000000
000000
000000
000000
000000
000000
000000
000000
000000
000000
000000
000000
000000
63485d
987ba3
98abc0
94a4bd
94a4bd
98a9c1
2c3d92
1132ac
4167d0
ffffff
f6ffff
f6ffff
ffffff
467ef1
2163ee
8bb1f7
f6ffff
f6ffff
ffffff
bdddff
ffd0e6
000000
000000
000000
000000
000000
000000
000000
000000
000000
000000
000000
000000
000000
000000
000000
000000
000000
000000
000000
000000
000000
000000
000000
000000
000000
000000
000000
000000
000000
000000
4d394d
a180a6
94aac1
94a4bd
94a4bd
526bb5
2c4ab0
ced9df
f6ffff
f6ffff
f6ffff
f6ffff
ffffff
044dec
c7ddfb
f8ffff
f7ffff
d1bbd1
f5c9dc
543d53
010101
000000
000000
000000
000000
000000
000000
000000
000000
000000
000000
000000
000000
000000
000000
000000
000000
000000
000000
000000
000000
000000
000000
000000
000000
000000
000000
000000
000000
000000
000000
856283
9f709c
a796b7
93a8c0
738abb
7189ba
c8d8e3
f6ffff
f6ffff
f6ffff
f6ffff
f7ffff
c6e0ff
fff9f7
b893b6
ffeaf3
865e81
382b2e
000000
000000
000000
000000
000000
000000
000000
000000
000000
000000
000000
000000
000000
000000
000000
000000
000000
000000
000000
000000
000000
000000
000000
000000
000000
000000
000000
000000
000000
000000
000000
000000
000000
1a131c
825f7f
9e719d
976c96
bd85af
a6779c
e8d4e1
ffe4eb
e6cedd
e6cedd
edc1d4
a973a1
ffe4ea
8e8094
000000
000000
000000
000000
000000
000000
000000
000000
000000
000000
000000
000000
000000
000000
000000
000000
000000
000000
000000
000000
000000
000000
000000
000000
000000
000000
000000
000000
000000
000000
000000
000000
000000
000000
000000
000000
000000
000000
8c6881
d6c4d8
d6c2d6
c6a6c0
eeb4d3
777474
605560
b1abb5
d8b9d1
b281ab
af7ca8
7f5d7d
000000
000000
000000
000000
000000
000000
000000
000000
000000
000000
000000
000000
000000
000000
000000
000000
000000
000000
000000
000000
000000
000000
000000
000000
000000
000000
000000
000000
000000
000000
000000
000000
000000
000000
000000
000000
000000
000000
e9abcb
f5ffff
f6ffff
e1cae1
000000
010101
010101
000000
4c384d
b584ac
b483ac
c18cb8
000000
000000
000000
000000
000000
000000
000000
000000
000000
000000
000000
000000
000000
000000
000000
000000
000000
000000
000000
000000
000000
000000
000000
000000
000000
000000
000000
000000
000000
000000
000000
000000
000000
000000
000000
000000
000000
000000
a67e91
f8f0f4
f5ffff
e2cce3
000000
000000
000000
000000
000000
bd8ab9
b785ae
b886b3
000000
000000
000000
000000
000000
000000
000000
000000
000000
000000
000000
000000
000000
000000
000000
000000
000000
000000
000000
000000
000000
000000
000000
000000
000000
000000
000000
000000
000000
000000
000000
000000
000000
000000
000000
000000
000000
000000
4a314a
fefefe
ffd1de
ceb0cb
000000
000000
000000
000000
010001
000000
433248
1b141d
010001
000000
000000
000000
000000
000000
000000
000000
000000
000000
000000
000000
000000
000000
000000
000000
000000
000000
000000
000000
000000
000000
000000
000000
000000
000000
000000
000000
000000
000000
000000
000000
000000
000000
000000
000000
000000
000000
000000
3d2942
593e55
170f19
010001
000000
000000
000000
000000
000000
000000
000000
000000
000000
000000
000000
000000
000000
000000
000000
000000
000000
000000
000000
000000
000000
000000
000000
000000
000000
000000
000000
000000
000000
000000
000000
000000
000000
000000
000000
000000
000000
000000
000000
000000
000000
000000
000000
000000
000000
000000
000000
000000
000000
000000
000000
000000
000000
000000
000000
000000
000000
000000
000000
000000
000000
000000
000000
000000
000000
000000
000000
000000
000000
000000
000000
000000
000000
000000
000000
000000
000000
000000
000000
000000
000000
000000
000000
000000
000000
000000
000000
000000
000000
000000
000000
000000
000000
000000
000000
000000
000000
000000
000000
000000
000000
000000
000000
000000
000000
000000
000000
000000
000000
000000
000000
000000
000000
000000
000000
000000
000000
000000
000000
000000
000000
000000
000000
000000
000000
000000
000000
000000
000000
000000
000000
000000
000000
000000
000000
000000
000000
000000
000000
000000
000000
000000
000000
000000
000000
000000
000000
000000
000000
000000
000000
000000
000000
000000
000000
000000
000000
000000
000000
000000
000000
000000
000000
000000
000000
000000
000000
000000
000000
000000
000000
000000
000000
000000
000000
000000
000000
000000
000000
000000
000000
000000
000000
000000
000000
000000
000000
000000
000000
000000
000000
000000
000000
000000
000000
000000
000000
000000
000000
000000
000000
000000
000000
000000
000000
000000
000000
000000
000000
000000
000000
000000
000000
000000
000000
000000
000000
000000
000000
000000
000000
000000
000000
000000
000000
000000
000000
000000
000000
000000
000000
000000
000000
000000
000000
000000
000000
000000
000000
000000
000000
000000
000000
000000
000000
000000
000000
000000
000000
000000
000000
000000
000000
000000
000000
000000
000000
000000
000000
000000
000000
000000
000000
000000
000000
000000
000000
000000
000000
000000
000000
000000
000000
000000
000000
000000
000000
000000
000000
000000
000000
000000
000000
000000
000000
000000
000000
000000
000000
000000
000000
000000
000000
000000
000000
000000
000000
000000
000000
000000
000000
000000
000000
000000
000000
000000
000000
000000
000000
000000
000000
000000
000000
000000
000000
000000
000000
000000
000000
000000
000000
000000
000000
000000
000000
000000
000000
000000
000000
000000
000000
000000
000000
000000
000000
000000
000000
000000
000000
000000
000000
000000
000000
000000
000000
000000
000000
000000
000000
000000
000000
000000
000000
000000
000000
000000
000000
000000
000000
000000
000000
000000
000000
000000
000000
000000
000000
000000
000000
000000
000000
000000
000000
000000
000000
000000
000000
000000
000000
000000
000000
000000
000000
000000
000000
000000
000000
000000
000000
000000
000000
000000
000000
000000
000000
000000
000000
000000
000000
000000
000000
000000
000000
000000
000000
000000
000000
000000
000000
000000
000000
000000
000000
000000
000000
000000
000000
000000
000000
000000
000000
000000
000000
000000
000000
