000000
000000
000000
000000
000000
000000
000000
000000
000000
000000
000000
000000
000000
000000
000000
000000
000000
000000
000000
000000
000000
000000
000000
000000
000000
000000
000000
000000
000000
000000
000000
000000
000000
000000
000000
000000
000000
000000
000000
000000
000000
000000
000000
000000
000000
000000
000000
000000
000000
000000
000000
000000
000000
000000
000000
000000
000000
000000
000000
000000
000000
000000
000000
000000
000000
000000
000000
000000
000000
000000
000000
000000
000000
000000
000000
000000
000000
000000
000000
000000
000000
000000
000000
000000
000000
000000
000000
000000
000000
000000
000000
000000
000000
000000
000000
000000
000000
000000
000000
000000
000000
000000
000000
000000
000000
000000
000000
000000
000000
000000
000000
000000
000000
000000
000000
000000
000000
000000
000000
000000
000000
000000
000000
000000
000000
000000
000000
000000
000000
000000
000000
000000
000000
000000
000000
000000
000000
000000
000000
000000
000000
000000
000000
000000
000000
000000
000000
000000
000000
000000
000000
000000
000000
000000
000000
000000
000000
000000
000000
000000
000000
000000
000000
000000
000000
000000
000000
000000
000000
000000
000000
000000
000000
000000
000000
000000
000000
01100d
000000
000000
000000
000000
000000
000000
000000
000000
000000
000000
000000
000000
000000
000000
000000
000000
000000
000000
000000
000000
000000
000000
000000
000000
000000
000000
000000
000000
000000
000000
000000
000000
000000
000000
000000
000000
000000
000000
000000
000000
000000
09533f
09533f
000000
000000
000000
000000
000000
040f0c
12a475
084f3c
000000
000000
000000
000000
000000
000000
000000
000000
000000
000000
000000
000000
000000
000000
000000
000000
000000
000000
000000
000000
000000
000000
000000
000000
000000
000000
000000
000000
000000
000000
000000
000000
000000
000000
000000
000000
000000
000000
000000
02120e
0c7658
0f8863
010b09
000000
000000
000000
000000
061914
119b6f
11986c
063729
000000
000000
000000
000000
000000
000000
000000
000000
000000
000000
000000
000000
000000
000000
000000
000000
000000
000000
000000
000000
000000
000000
000000
000000
000000
000000
000000
000000
000000
000000
000000
000000
000000
000000
000000
000000
000000
000000
04261e
0c7356
10946a
0d785a
042921
000000
000000
010806
0a4030
11996e
10966b
0d7b5c
000000
000000
000000
000000
000000
000000
000000
000000
000000
000000
000000
000000
000000
000000
000000
000000
000000
000000
000000
000000
000000
000000
000000
000000
000000
000000
000000
000000
000000
000000
000000
000000
000000
000000
000000
000000
000000
02120e
095845
0c7154
10946a
119a6e
0a654d
095241
030b09
083228
0a5c46
0a5642
0c7557
0a654e
000000
000000
000000
000000
000000
000000
000000
000000
000000
000000
000000
000000
000000
000000
000000
000000
000000
000000
000000
000000
000000
000000
000000
000000
000000
000000
000000
000000
000000
000000
000000
000000
000000
000000
000000
000000
000000
042b22
0a604a
119d6f
10966b
0c7255
072c20
0b2f36
197a8e
41949c
5d8d8f
216c8b
0d4f6a
083d42
000000
000001
000000
000000
000000
000000
000000
000000
000000
000000
000000
000000
000000
000000
000000
000000
000000
000000
000000
000000
000000
000000
000000
000000
000000
000000
000000
000000
000000
000000
000000
000000
000000
000000
000000
000000
000000
010403
0b6049
084e3e
096047
085d59
2a7caf
61baf5
b7f7ff
b3f3ff
aceeff
b2f3ff
9ce5ff
4cabf1
3187d3
0c2b4b
000000
000000
000000
000000
000000
000000
000000
000000
000000
000000
000000
000000
000000
000000
000000
000000
000000
000000
000000
000000
000000
000000
000000
000000
000000
000000
000000
000000
000000
000000
000000
000000
000000
000000
000000
000000
030d0a
073c29
387ca4
9be5ff
96def9
b2f3ff
94dcf9
90d9f8
aceeff
aceeff
aff0ff
78c7f2
b9f8ff
60b8f1
195791
000000
000000
000000
000000
000000
000000
000000
000000
000000
000000
000000
000000
000000
000000
000000
000000
000000
000000
000000
000000
000000
000000
000000
000000
000000
000000
000000
000000
000000
000000
000000
000000
000000
000000
042c23
09372c
134e6f
b8f9ff
9ae1fb
78c7f2
97defa
74c4f1
aceeff
aceeff
aceeff
adf0ff
71c2f0
b3f3ff
acf0ff
fefefe
326b97
000000
000000
000000
000000
000000
000000
000000
000000
000000
000000
000000
000000
000000
000000
000000
000000
000000
000000
000000
000000
000000
000000
000000
000000
000000
000000
000000
000000
053127
042920
04271f
095e4b
094234
083127
062817
6696c6
9ae0fa
409de4
97defa
75c4f1
c5f9ff
d6f7ff
7fc8e9
c4f7ff
edfdff
67b8e4
8ccdf3
c1f3ff
a7edff
9ce7ff
000717
000000
000000
000000
000000
000000
000000
000000
000000
000000
000000
000000
000000
000000
000000
000000
000000
000000
000000
000000
000000
000000
000000
000000
000000
000000
000000
000000
000000
07382c
083227
08261e
082920
07281a
153b70
549fd3
368acf
398fd4
b7f7ff
71c5f3
f6ffff
aee9ff
7e6a7f
d3ffff
c5fbff
836e82
5fa9e2
aaefff
90d9f8
bbfcff
85afd4
fdffff
7e8787
000000
000000
000000
000000
000000
000000
000000
000000
000000
000000
000000
000000
000000
000000
000000
000000
000000
000000
000000
000000
000000
010101
000000
000000
000000
000000
000000
07211a
082a21
08291d
12366b
3b8fd0
1c5b9d
53b1f3
1b5a9b
6eb8e3
64a4cd
81a3c4
7f7792
ffa176
8ee1ff
7cb2d9
d17b57
1c64ae
b6f6ff
4fa1db
7bccf6
c7dee9
d4ecf8
778080
000000
000000
000000
000000
000000
000000
000000
000000
000000
000000
000000
000000
000000
000000
000000
000000
000000
000000
000000
000000
000000
000000
ffffff
dcffff
e0ffff
f0ffff
bec7c7
777878
798887
435d67
48a3e7
1c5b9d
1f60a2
2a72b4
1a5c9f
98dcf7
2d4c61
000000
110500
d48c6e
6cb1dd
ffd7b4
000000
0f2f79
9ad9f0
0b3076
9ee7ff
79b0d3
bfdbf1
7f8888
000000
000000
000000
000000
000000
000000
000000
000000
000000
000000
000000
000000
000000
000000
000000
000000
000000
000000
000000
000000
000000
000000
eeffff
e3fdfc
aef5ec
bff8f1
cbfaf5
f0ffff
eeffff
8095b6
388acc
2c75b7
1f60a2
2c75b7
5cace2
468dc5
133a5a
959a9b
000000
2b1812
fff2de
fff1db
012592
1b4684
123074
0e2c71
a4f0ff
5c96d3
e3ffff
000000
000000
000000
000000
000000
000000
000000
000000
000000
000000
000000
000000
000000
000000
000000
000000
000000
000000
000000
000000
000000
000000
000000
89c0b9
e3fdfc
f1ffff
daedfa
dbf1fa
eeffff
f5ffff
476397
1c5597
4097db
1b5395
256db1
3d7cb2
57a8de
2f8fdb
7d7dbd
114fe6
edb089
ffe6d5
ffeed9
354bba
384c6b
296bad
596ba3
5079aa
6eb9e3
8bcdf2
000000
000000
000000
000000
000000
000000
000000
000000
000000
000000
000000
000000
000000
000000
000000
000000
000000
000000
000000
000000
000000
000000
000000
273533
bcfffd
e5fefc
c4fef2
94c3e6
bfdaf2
ffffff
0b2d73
1b549b
89d8fd
143779
65bff6
9de5ff
dbfcff
9ee3ff
ffb58c
7882bf
ffddc4
ffeada
ffe5d4
fff3db
40262f
53b5f7
5269a3
97c2eb
b5f2f3
2a2f2f
000001
000000
000000
000000
000000
000000
000000
000000
000000
000000
000000
000000
000000
000000
000000
000000
000000
000000
000000
000000
000000
000000
000000
010101
5a7b77
b1f5ed
9fd5ea
a0c4d8
bafff3
cffffc
466095
5e90ba
6fbbe5
526998
68aad2
57b0ec
dbfeff
d4ffff
cc633d
ffe5d1
ffdfca
ffceb6
eeb48f
593c4c
123982
2f78bb
2972b6
9ac1eb
c0fffe
000000
010101
000000
000000
000000
000000
000000
000000
000000
000000
000000
000000
000000
000000
000000
000000
000000
000000
000000
000000
000000
000000
000000
000000
000000
000000
c6ffff
b8fdf0
8a98cc
8a96c9
8a96c9
9fc1de
6ba8d7
4871a9
c4e2ef
2f639e
1e5397
a2d2f3
90d6fb
412e35
9f4924
bf6043
94482d
444d8f
7a6b9b
2f407e
809ac8
3766a8
a8deee
d3fcf6
ffffff
778080
000000
010101
000000
000000
000000
000000
000000
000000
000000
000000
000000
000000
000000
000000
000000
000000
000000
000000
000000
000000
000000
000000
010101
000000
4a6a66
b0f5ed
a2cfe2
92b3de
8fa7d4
8d9ecd
7097c7
9fcbe7
bfd3eb
f3ffff
aaadc4
72c4ec
537fb9
3a44a9
b7a3e0
ca8a6a
b5b4ea
b68fbf
f9ffff
e7b9cf
95bfe0
b1eef0
b4f6ee
c0f8f2
f2ffff
effefe
ffffff
5b827d
000000
000000
000000
000000
000000
000000
000000
000000
000000
000000
000000
000000
000000
000000
000000
000000
000000
000000
000000
010101
2b2e2e
ffffff
f7ffff
f4ffff
d1fef6
b0dbef
9cceeb
898bbf
8a90c2
8b93c4
8d9ecd
8fb5e3
835a86
ceafcb
fffefd
ffffff
96504f
913833
c72c21
4f388b
7e67a3
b27faa
b7fff4
b7fcf1
aeecee
a5dcec
c7ecf4
c9edf5
9fd2f5
222e2b
010101
000000
000000
000000
000000
000000
000000
000000
000000
000000
000000
000000
000000
000000
000000
000000
000000
000000
010101
2b2e2e
feffff
eeffff
eeffff
eeffff
eeffff
f2ffff
c1faf2
aeecee
99c0e1
90a9d6
8d9ccb
8d9fcf
9d7098
ac7ca8
dea4c0
d57f7d
fffdef
ffc8b3
a85832
d7a183
ffcfb3
853609
8886a5
888bc0
898ec2
8896c9
e1f3fc
bbfffc
212e2b
010101
000000
000000
000000
000000
000000
000000
000000
000000
000000
000000
000000
000000
000000
000000
000000
000000
000000
000000
2b3d3b
dcffff
d1fbf7
c8ebf4
c2e9f2
e7fffd
c0dff4
bcc8e1
aec7de
a0c5da
a2c9da
8ea6d5
90aad7
91aedb
816892
ab7da6
987099
ac7593
f99a77
f3b69f
fff1e3
fcd3c2
a5532d
de8b6a
7d696b
95c1e9
8fa7d4
a0d0e2
ceffff
212c2b
010101
000000
000000
000000
000000
000000
000000
000000
000000
000000
000000
000000
000000
000000
000000
000000
000000
000000
000000
000000
000000
c8d0d0
d6fffe
d0fcf6
e3f2fc
8cb5e4
8fa5d2
90acd8
8a91c3
8b94c5
8b94c5
8b94c5
8b94c5
8b94c5
8c97c9
897da9
453066
713e45
ffa384
ffe6d3
d68f73
8c3c0b
f78f6e
ce6d47
9dbfbb
9bc9e8
8db6e5
caffff
202c2b
010101
000000
000000
000000
000000
000000
000000
000000
000000
000000
000000
000000
000000
000000
000000
000000
000000
000000
000000
000000
000000
000000
000000
343838
bcc7c7
e0ffff
a7eaea
91b9e6
92b9e5
8cb0dd
8ca4d4
8ea0ce
8b93c4
8a90c2
8ea1d0
8b94c5
7074a9
060043
3d2b6a
423359
3d2c54
47283b
061984
030d65
4e5b9a
aeecec
b5f8ee
e6ffff
000000
010101
000000
000000
000000
000000
000000
000000
000000
000000
000000
000000
000000
000000
000000
000000
000000
000000
000000
000000
000000
000000
000000
000000
000000
000000
000000
000000
7e8080
d9fffe
d1fdf6
ecfffe
b4d6e7
888bbf
93b7e1
90abd8
8a91c3
95a7d5
2d326e
10084a
100440
1034b3
0f2faa
1540c2
1033b4
100e59
030053
9fccf6
a4daea
d4fef7
777f7f
010101
000000
000000
000000
000000
000000
000000
000000
000000
000000
000000
000000
000000
000000
000000
000000
000000
000000
000000
000000
000000
000000
000000
000000
000000
000000
010101
2c2f2f
f7ffff
def3fa
8cb5e4
90bbe6
94c1ea
8fa8d5
8a8fc1
98b5e0
282b68
11094b
10084a
101d7b
1031ac
102faa
194bcf
1c57df
133bbc
1542c6
526bad
a2d3f0
a4e4e9
ffffff
000000
000000
000000
000000
000000
000000
000000
000000
000000
000000
000000
000000
000000
000000
000000
000000
000000
000000
000000
000000
000000
000000
000000
000000
000000
000000
000000
fbffff
aed6ed
a7dff1
aff1f3
dbfffa
93a9cd
8c9bca
7498b3
2d2f6e
11094b
10084a
100543
1035b6
1031ac
194bcf
1237b4
1c56de
1c56de
133ab8
001082
566f6f
5a7b77
ebffff
333737
000000
000000
000000
000000
000000
000000
000000
000000
000000
000000
000000
000000
000000
000000
000000
000000
000000
000000
000000
000000
000000
000000
000000
000000
000000
464949
557975
5c7f78
202e2c
babfbf
aed0e4
8fa7d4
799dba
03002d
10084a
10084a
10084a
10115f
1032af
0e2ca5
2267f5
2164f0
2164f0
2164f0
2165f2
236bfa
000028
010102
000000
444949
000000
000000
000000
000000
000000
000000
000000
000000
000000
000000
000000
000000
000000
000000
000000
000000
000000
000000
000000
000000
000000
000000
000000
000000
000000
000000
000000
000000
383838
c7fff9
a0ccfe
495e71
03002d
10084a
10084a
100543
101467
1434a7
0e2ca6
1d59e2
2062ee
2062ee
2062ee
2062ee
2062ee
2062ee
1f5ef3
000000
000000
000000
000000
000000
000000
000000
000000
000000
000000
000000
000000
000000
000000
000000
000000
000000
000000
000000
000000
000000
000000
000000
000000
000000
000000
000000
000000
000000
000000
000000
2b3d3b
60837f
000000
04030f
211f58
0e0549
100543
102ca1
0e084f
236cfc
1746c9
1b54db
2164f0
2062ee
2062ee
2062ee
2062ee
2062ee
155aee
6d706e
010101
000000
000000
000000
000000
000000
000000
000000
000000
000000
000000
000000
000000
000000
000000
000000
000000
000000
000000
000000
000000
000000
000000
000000
000000
000000
000000
000000
000000
000000
000000
000000
000000
2f3266
2f3460
100747
10299a
0b2eae
193eb2
2062ed
2165f2
1339b6
2165f2
2062ee
2062ee
2062ee
185ced
2163ee
195ded
bcd4fa
14171e
010101
000000
000000
000000
000000
000000
000000
000000
000000
000000
000000
000000
000000
000000
000000
000000
000000
000000
000000
000000
000000
000000
000000
000000
000000
000000
000000
000000
000000
000000
010001
232d39
495972
2f3460
10105c
072bae
9fadc9
165cf1
2062ee
1d59e2
0530b7
568bf4
2163ee
2062ee
2062ee
99bbf8
467ef1
2163ee
8bb0f6
eef9ff
181d22
010001
000000
000000
000000
000000
000000
000000
000000
000000
000000
000000
000000
000000
000000
000000
000000
000000
000000
000000
000000
000000
000000
000000
000000
000000
000000
000000
000000
000000
000000
886d98
4c5f75
0b0040
2c4eb9
788cba
ced8dd
1358ed
1d59e2
0626a6
b0bedb
ffffff
0a52ec
2062ee
195ded
c7ddfb
ffffff
467ef1
8cb1f6
e8e5ee
a989b3
000000
000000
000000
000000
000000
000000
000000
000000
000000
000000
000000
000000
000000
000000
000000
000000
000000
000000
000000
000000
000000
000000
000000
000000
000000
000000
000000
000000
000000
010001
433146
5a617a
0f0a48
9fb0c4
8d9eb9
ffffff
104fe1
0f2ea8
526bb5
c4d1de
f5feff
cfe2fc
195ded
1358ed
ffffff
f6ffff
ffffff
aabaea
f7ccdd
6d505f
000000
000000
000000
000000
000000
000000
000000
000000
000000
000000
000000
000000
000000
000000
000000
000000
000000
000000
000000
000000
000000
000000
000000
000000
000000
000000
000000
000000
000000
000000
000000
846a94
6e8399
94a4bd
8d9eb9
f2fbf8
0526a7
2846af
9dacbe
c5d2de
f6ffff
fdffff
477ff1
5085f2
fdffff
f6ffff
e2e2ec
e0b7d1
685e69
000000
000000
000000
000000
000000
000000
000000
000000
000000
000000
000000
000000
000000
000000
000000
000000
000000
000000
000000
000000
000000
000000
000000
000000
000000
000000
000000
000000
000000
000000
000000
010001
3d2e43
bc95bc
8d93b0
93a5be
99a8bc
1f3eae
9dacbe
94a4bd
a9b8cb
f9ffff
f6ffff
ffffff
b8d5fc
e3e0ea
ead3e1
bf94a0
6d6470
000000
000000
000000
000000
000000
000000
000000
000000
000000
000000
000000
000000
000000
000000
000000
000000
000000
000000
000000
000000
000000
000000
000000
000000
000000
000000
000000
000000
000000
000000
000000
000000
000000
000000
19131c
735374
b18db2
a594b5
9c8fad
988bac
968aab
a090b2
ffe5ec
e6cedd
eabfd2
f2cada
a27098
cec4d7
383838
000000
000000
000000
000000
000000
000000
000000
000000
000000
000000
000000
000000
000000
000000
000000
000000
000000
000000
000000
000000
000000
000000
000000
000000
000000
000000
000000
000000
000000
000000
000000
000000
000000
000000
000000
000000
000000
85667f
a7799e
936995
ae97b4
a479a5
b783b2
c7c7c7
90768e
acaab2
bd8cb3
b886af
b582b0
000000
000000
000000
000000
000000
000000
000000
000000
000000
000000
000000
000000
000000
000000
000000
000000
000000
000000
000000
000000
000000
000000
000000
000000
000000
000000
000000
000000
000000
000000
000000
000000
000000
000000
000000
000000
000000
000000
4a314a
fefefe
ffdbe4
d0b1cc
000000
000000
000000
000000
000000
000000
433248
1b141d
010001
000000
000000
000000
000000
000000
000000
000000
000000
000000
000000
000000
000000
000000
000000
000000
000000
000000
000000
000000
000000
000000
000000
000000
000000
000000
000000
000000
000000
000000
000000
000000
000000
000000
000000
000000
000000
000000
000000
3d2942
593e55
170f19
010001
000000
000000
000000
000000
000000
000000
000000
000000
000000
000000
000000
000000
000000
000000
000000
000000
000000
000000
000000
000000
000000
000000
000000
000000
000000
000000
000000
000000
000000
000000
000000
000000
000000
000000
000000
000000
000000
000000
000000
000000
000000
000000
000000
000000
000000
000000
000000
000000
000000
000000
000000
000000
000000
000000
000000
000000
000000
000000
000000
000000
000000
000000
000000
000000
000000
000000
000000
000000
000000
000000
000000
000000
000000
000000
000000
000000
000000
000000
000000
000000
000000
000000
000000
000000
000000
000000
000000
000000
000000
000000
000000
000000
000000
000000
000000
000000
000000
000000
000000
000000
000000
000000
000000
000000
000000
000000
000000
000000
000000
000000
000000
000000
000000
000000
000000
000000
000000
000000
000000
000000
000000
000000
000000
000000
000000
000000
000000
000000
000000
000000
000000
000000
000000
000000
000000
000000
000000
000000
000000
000000
000000
000000
000000
000000
000000
000000
000000
000000
000000
000000
000000
000000
000000
000000
000000
000000
000000
000000
000000
000000
000000
000000
000000
000000
000000
000000
000000
000000
000000
000000
000000
000000
000000
000000
000000
000000
000000
000000
000000
000000
000000
000000
000000
000000
000000
000000
000000
000000
000000
000000
000000
000000
000000
000000
000000
000000
000000
000000
000000
000000
000000
000000
000000
000000
000000
000000
000000
000000
000000
000000
000000
000000
000000
000000
000000
000000
000000
000000
000000
000000
000000
000000
000000
000000
000000
000000
000000
000000
000000
000000
000000
000000
000000
000000
000000
000000
000000
000000
000000
000000
000000
000000
000000
000000
000000
000000
000000
000000
000000
000000
000000
000000
000000
000000
000000
000000
000000
000000
000000
000000
000000
000000
000000
000000
000000
000000
000000
000000
000000
000000
000000
000000
000000
000000
000000
000000
000000
000000
000000
000000
000000
000000
000000
000000
000000
000000
000000
000000
000000
000000
000000
000000
000000
000000
000000
000000
000000
000000
000000
000000
000000
000000
000000
000000
000000
000000
000000
000000
000000
000000
000000
000000
000000
000000
000000
000000
000000
000000
000000
000000
000000
000000
000000
000000
000000
000000
000000
000000
000000
000000
000000
000000
000000
000000
000000
000000
000000
000000
000000
000000
000000
000000
000000
000000
000000
000000
000000
000000
000000
000000
000000
000000
000000
000000
000000
000000
000000
000000
000000
000000
000000
000000
000000
000000
000000
000000
000000
000000
000000
000000
000000
000000
000000
000000
000000
