000000
000000
000000
000000
000000
000000
000000
000000
000000
000000
000000
000000
000000
000000
000000
000000
000000
000000
000000
000000
000000
000000
000000
000000
000000
000000
000000
000000
000000
000000
000000
000000
000000
000000
000000
000000
000000
000000
000000
000000
000000
000000
000000
000000
000000
000000
000000
000000
000000
000000
000000
000000
000000
000000
000000
000000
000000
000000
000000
000000
000000
000000
000000
000000
000000
000000
000000
000000
000000
000000
000000
000000
000000
000000
000000
000000
000000
000000
000000
000000
000000
000000
000000
000000
000000
000000
000000
000000
000000
000000
000000
000000
000000
000000
000000
000000
000000
000000
000000
000000
000000
000000
000000
000000
000000
000000
000000
000000
000000
000000
000000
000000
000000
000000
000000
000000
000000
000000
000000
000000
000000
000000
000000
000000
000000
000000
000000
000000
000000
000000
000000
000000
000000
000000
000000
000000
000000
000000
000000
000000
000000
000000
000000
000000
000000
000000
000000
000000
000000
000000
000000
000000
000000
000000
000000
000000
000000
000000
000000
000000
000000
000000
000000
000000
000000
000000
000000
000000
000000
000000
095843
0d7d5d
010a09
000000
000000
000000
0c654d
010a09
000000
000000
000000
000000
000000
000000
000000
000000
000000
000000
000000
000000
000000
000000
000000
000000
000000
000000
000000
000000
000000
000000
000000
000000
000000
000000
000000
000000
000000
000000
000000
000000
000000
000000
000000
000000
000000
000000
000000
000000
000000
000101
031d18
11986d
0f8d67
01100d
000000
04100d
0e8964
0f8e67
010a09
000000
000000
000000
000000
000000
000000
000000
000000
000000
000000
000000
000000
000000
000000
000000
000000
000000
000000
000000
000000
000000
000000
000000
000000
000000
000000
000000
000000
000000
000000
000000
000000
000000
000000
000000
000000
000000
000000
000000
000000
000000
085645
11986d
11986d
063c30
000000
083228
119b6f
10966b
0f8d67
01100d
000000
000000
000000
000000
000000
000000
000000
000000
000000
000000
000000
000000
000000
000000
000000
000000
000000
000000
000000
000000
000000
000000
000000
000000
000000
000000
000000
000000
000000
000000
000000
000000
000000
000000
000000
000000
000000
000000
042c23
085342
095e48
11986d
0c674c
084b3c
030c09
083c30
0a4b39
0c7758
0c7355
04271f
000000
000000
000000
000000
000000
000000
000000
000000
000000
000000
000000
000000
000000
000000
000000
000000
000000
000000
000000
000000
000000
000000
000000
000000
000000
000000
000000
000000
000000
000000
000000
000000
000000
042c23
042c23
064335
094e3e
094436
08231b
0d7c5c
0f8862
119a6e
07382a
0b2e36
197a8e
41939c
5d8d8f
217593
0d526b
062630
000000
000001
000000
000000
000000
000000
000000
000000
000000
000000
000000
000000
000000
000000
000000
000000
000000
000000
000000
000000
000000
000000
000000
000000
000000
000000
000000
000000
000000
000000
000000
000000
073d30
084032
08251d
08261e
08281f
082920
08281f
08493a
07503d
085d59
297aae
61baf5
b7f7ff
b3f3ff
aceeff
b2f3ff
9ce5ff
4cabf1
3187d3
0c2b4b
000000
000000
000000
000000
000000
000000
000000
000000
000000
000000
000000
000000
000000
000000
000000
000000
000000
000000
000000
000000
000000
000000
000000
000000
000000
000000
000000
000000
000000
000000
000000
010806
092c22
082920
082920
082920
082920
073121
387ca4
9fe7ff
96ddf9
b9f8ff
74c4f1
90d9f8
aceeff
aceeff
aff0ff
78c7f2
b9f8ff
60b8f1
165691
000000
000000
000000
000000
000000
000000
000000
000000
000000
000000
000000
000000
000000
000000
000000
000000
000000
000000
000000
000000
000000
000000
000000
000000
000000
000000
000000
000000
000000
000000
000000
010706
092c22
082920
092d23
041510
0f355c
bfffff
5cb2eb
78c7f2
78c6f2
7bc9f3
aceeff
aff1ff
aceeff
b3f3ff
55ade9
b3f3ff
a7efff
fefefe
316997
000000
000000
000000
000000
000000
000000
000000
000000
000000
000000
000000
000000
000000
000000
000000
000000
000000
000000
000000
000000
000000
000000
000000
000000
000000
000000
000000
000000
000000
000000
000000
010706
07231b
000000
040814
70aad3
5bb1ea
45a2e7
b5f5ff
71c1f0
b7f8ff
d8f8ff
60b0e1
b6f7ff
c4f7ff
328dd5
90cff4
edfdff
aaefff
b9fbfe
00234a
000000
000000
000000
000000
000000
000000
000000
000000
000000
000000
000000
000000
000000
000000
000000
000000
000000
000000
000000
000000
000000
000000
000000
000000
000000
000000
000000
000000
000000
000000
000000
000000
0c2344
205da4
3280c4
4da9ea
2267ab
9ee7ff
b7f7ff
6bb5e1
85d3fe
bb766e
6fa4ce
e6ffff
b49696
218fe1
c8f9ff
67a6d2
a2ebff
95c5e9
fcffff
7e8787
000000
000000
000000
000000
000000
000000
000000
000000
000000
000000
000000
000000
000000
000000
000000
000000
000000
000000
000000
000000
000000
010101
000000
000000
000000
000000
000000
000000
020412
2d6498
3a8ecf
1e60a2
2b73b5
2970b2
2770b4
78bfe5
77d2ff
84677a
b46f69
f6a182
ffaf87
93a0b9
9eb1af
4d3d66
73bfe8
6191ba
4a97ce
8acde8
c0d9e9
767f7f
000000
000000
000000
000000
000000
000000
000000
000000
000000
000000
000000
000000
000000
000000
000000
000000
000000
000000
000000
000000
000000
000000
ffffff
dcffff
e0ffff
f0ffff
c5c7c7
001852
1c5aa2
2463aa
1a4789
2b74b6
1f61a3
164d91
549dd1
226cb4
462f31
000000
110500
cd896f
fecab2
ffd6bc
000000
1c498f
1a458a
518bbf
0f3578
4fa2dc
72bfe8
5c8aac
000000
000000
000000
000000
000000
000000
000000
000000
000000
000000
000000
000000
000000
000000
000000
000000
000000
000000
000000
000000
000000
000000
eeffff
e3fdfc
aef5ec
bff8f1
cbf9f4
feffff
fbffff
d5e5ed
1859a1
6dc4f8
1c5597
4889c0
66a6ce
6dc5f9
001237
959a9b
000000
2b1812
fff0df
fff1db
012592
1b4d8b
3881c3
0b3073
a3b9e3
9cc3ec
7294b4
082849
091c2f
000000
000000
000000
000000
000000
000000
000000
000000
000000
000000
000000
000000
000000
000000
000000
000000
000000
000000
000000
000000
000000
89c0b9
e3fdfc
f1ffff
daedfa
dbf1fa
eeffff
fcffff
02357f
a6eeff
3b76ae
0f3479
9be5ff
669fc6
7ed0f8
82a9cc
777dbf
114fe6
edb089
ffe6d5
ffeed9
354bba
343655
2768aa
54b7f9
3a6aa7
ade4f2
9dc2bf
000000
000000
000000
000000
000000
000000
000000
000000
000000
000000
000000
000000
000000
000000
000000
000000
000000
000000
000000
000000
000000
000000
000000
273533
bcfffd
e5fefc
c4fef2
94c3e6
bfdaf2
ffffff
00337e
75c1ea
8fa3c0
427cb5
75b8e2
0c286f
93d5f9
c0f9ff
d2aca2
7882bf
ffddc4
ffeada
ffe5d4
fff3db
432f37
354f8c
4d5b95
5992c8
8fcad4
273634
000000
000000
000000
000000
000000
000000
000000
000000
000000
000000
000000
000000
000000
000000
000000
000000
000000
000000
000000
000000
000000
000000
000000
010101
5a7b77
b1f5ed
9fd5ea
a0c4d8
bafff3
c2fdf4
bad5de
457eb8
f4ffff
bed0de
869fad
000002
75bbe8
effdfe
9ac5da
ffe0c5
ffdfca
ffcfb6
dea183
afa78c
4e67a9
4a609b
90aad7
92b9e5
c0fffe
000000
010101
000000
000000
000000
000000
000000
000000
000000
000000
000000
000000
000000
000000
000000
000000
000000
000000
000000
000000
000000
000000
000000
000000
000000
000000
c6ffff
b8fdf0
8a98cc
8a96c9
8a97ca
92b4d6
d2f5f9
f5ffff
eeffff
edfefe
c3d1d2
000000
65b2e1
d9ffff
5295b8
c45e3e
8e4129
a2bfd4
bcacc8
949ac8
94abd8
90afdd
a4daea
d3fcf6
ffffff
778080
000000
010101
000000
000000
000000
000000
000000
000000
000000
000000
000000
000000
000000
000000
000000
000000
000000
000000
000000
000000
000000
000000
010101
000000
4a6a66
b0f5ed
a2cfe2
92b3de
8fa7d4
8d9ecd
94bfe9
93c0df
c0d3ec
e5fffd
d6dce5
c3aac5
dfa1b8
2f389d
be9ed6
c98a6b
b5b4ea
b68fbf
f9ffff
e3b5cb
96c0e1
adeaec
b4f6ee
c0f8f2
f2ffff
effefe
ffffff
5b827d
000000
000000
000000
000000
000000
000000
000000
000000
000000
000000
000000
000000
000000
000000
000000
000000
000000
000000
000000
010101
2b2e2e
ffffff
f7ffff
f4ffff
d1fef6
b0dbef
9cceeb
898bbf
8a90c2
8b93c4
8d9ecd
8fb5e3
845a86
ffd0dd
f6f7f9
ffffff
96504f
913833
c72c21
4f388b
7e67a3
b27faa
b7fff4
b7fcf1
aeecee
a5dcec
c7ecf4
c9edf5
9fd2f5
222e2b
010101
000000
000000
000000
000000
000000
000000
000000
000000
000000
000000
000000
000000
000000
000000
000000
000000
000000
010101
2b2e2e
feffff
eeffff
eeffff
eeffff
eeffff
f2ffff
c1faf2
aeecee
99c0e1
90a9d6
8d9ccb
8d9fcf
9d7098
ac7ca8
dea4c0
d57f7d
fffdef
ffc8b3
a85832
d7a183
ffcfb3
853609
8886a5
888bc0
898ec2
8896c9
e1f3fc
bbfffc
212e2b
010101
000000
000000
000000
000000
000000
000000
000000
000000
000000
000000
000000
000000
000000
000000
000000
000000
000000
000000
2b3d3b
dcffff
d1fbf7
c8ebf4
c2e9f2
e7fffd
c0dff4
bcc8e1
aec7de
a0c5da
a2c9da
8ea6d5
90aad7
91aedb
816892
ab7da6
987099
ac7593
f99a77
f3b69f
fff1e3
fcd3c2
a5532d
de8b6a
7d696b
95c1e9
8fa7d4
a0d0e2
ceffff
212c2b
010101
000000
000000
000000
000000
000000
000000
000000
000000
000000
000000
000000
000000
000000
000000
000000
000000
000000
000000
000000
000000
c8d0d0
d6fffe
d0fcf6
e3f2fc
8cb5e4
8fa5d2
90acd8
8a91c3
8b94c5
8b94c5
8b94c5
8b94c5
8b94c5
8b97c8
655687
7c5b89
764248
ffa384
ffe6d3
d68f73
8c3b09
f68a66
d27049
9dbebb
9bc9e8
8db6e5
caffff
202c2b
010101
000000
000000
000000
000000
000000
000000
000000
000000
000000
000000
000000
000000
000000
000000
000000
000000
000000
000000
000000
000000
000000
000000
343838
bcc7c7
e0ffff
a7eaea
91b9e6
92b9e5
8cb0dd
8ca4d4
8ea0ce
8b93c4
8a90c2
8da1cf
757baf
080042
0a0447
090248
413157
3d2c54
473456
0a3dcc
1769ff
00118a
bbfbf5
b5f8ee
e6ffff
000000
010101
000000
000000
000000
000000
000000
000000
000000
000000
000000
000000
000000
000000
000000
000000
000000
000000
000000
000000
000000
000000
000000
000000
000000
000000
000000
000000
7e8080
d9fffe
d1fdf6
ecfffe
b4d6e7
888bbf
93b7e1
98b5e0
4d4b85
080042
10084a
10084a
101e7e
1a4ed3
0e2ca5
1031ac
143cba
1746c8
1e5ae2
284fc2
ade3ee
d4fef7
777f7f
010101
000000
000000
000000
000000
000000
000000
000000
000000
000000
000000
000000
000000
000000
000000
000000
000000
000000
000000
000000
000000
000000
000000
000000
000000
000000
010101
2c2f2f
f7ffff
def3fa
8cb5e4
90bbe6
98c5ee
758aba
2a2563
10094a
10084a
100747
100441
1434a7
1c57df
184acd
0f2ea8
2267f4
2062ee
2062ee
2266f3
2a51c2
b0f2ef
ffffff
000000
000000
000000
000000
000000
000000
000000
000000
000000
000000
000000
000000
000000
000000
000000
000000
000000
000000
000000
000000
000000
000000
000000
000000
000000
000000
000000
fbffff
aed6ed
a7dff1
b6f8f8
b5c9d4
303a6b
0a0145
10084a
100747
10105c
101f82
142789
1c56dd
2164f0
2267f5
0d29a1
2165f2
2062ee
2062ee
2062ee
2266f3
315ec4
e5ffff
333737
000000
000000
000000
000000
000000
000000
000000
000000
000000
000000
000000
000000
000000
000000
000000
000000
000000
000000
000000
000000
000000
000000
000000
000000
000000
464949
557975
587873
6f6a7f
1d203f
364165
4a5d72
1f1a4e
10115f
102897
1032af
10176f
1d5bea
2062ee
2062ee
2062ee
1c56de
2164f0
2062ee
2062ee
2062ee
2062ee
165cf1
a4a49e
5a636b
000000
000000
010101
000000
000000
000000
000000
000000
000000
000000
000000
000000
000000
000000
000000
000000
000000
000000
000000
000000
000000
000000
000000
000000
000000
000000
000000
000000
a879a5
6c8098
6c7c95
a8b7c6
072cb1
1032af
1131ac
0b2dab
143dbe
2163f0
2062ee
2062ee
2062ee
2062ee
2062ee
2062ee
2163ee
185ced
2062ee
2163ee
8bb0f6
ffffff
c9dce9
f4b4d6
000000
000000
000000
000000
000000
000000
000000
000000
000000
000000
000000
000000
000000
000000
000000
000000
000000
000000
000000
000000
000000
000000
000000
000000
000000
000000
a97ba9
8d94b0
93a4bd
526bb5
1132ac
0325aa
526bb5
5a6fb1
1d57e0
2062ee
2062ee
1258ed
5689f2
2163ee
2062ee
2062ee
1258ed
d5e7fc
4e84f2
2163ee
0a52ec
ffffff
f8ffff
e5a9c9
000000
000000
000000
000000
000000
000000
000000
000000
000000
000000
000000
000000
000000
000000
000000
000000
000000
000000
000000
000000
000000
000000
000000
000000
000000
010001
5d4458
a283a8
9daec0
001ea9
526bb5
a1b0bf
94a4bd
5782d6
2062ee
2062ee
1258ed
d0e3fc
ffffff
467ef1
2163ee
2062ee
4f84f2
fdffff
ffffff
8bb1f7
1358ed
83aaf6
fffbfc
9d718c
000000
000000
000000
000000
000000
000000
000000
000000
000000
000000
000000
000000
000000
000000
000000
000000
000000
000000
000000
000000
000000
000000
000000
000000
000000
000000
000000
715273
a1a4bd
7387b9
93a4bd
94a4bd
8d9eb9
95b9fd
2165f2
1259ef
d0e3fc
f5feff
f6ffff
ffffff
0a52ec
2062ee
8bb1f7
f6ffff
f6ffff
f5feff
cae1fe
c7d2f6
ca8cb6
373737
000000
000000
000000
000000
000000
000000
000000
000000
000000
000000
000000
000000
000000
000000
000000
000000
000000
000000
000000
000000
000000
000000
000000
000000
000000
000000
000000
281d26
9a6f9d
a795b6
94aac1
94a4bd
8d9eb9
91afef
001fa0
ccd7ec
f5feff
f6ffff
f6ffff
f5feff
d0e3fc
0b53ec
c7ddfb
f6ffff
f8ffff
fbf3f6
dbb1cc
9e718d
373737
010101
000000
000000
000000
000000
000000
000000
000000
000000
000000
000000
000000
000000
000000
000000
000000
000000
000000
000000
000000
000000
000000
000000
000000
000000
000000
000000
000000
010001
000000
5d4458
956996
988eae
988cad
9498c6
c8daf2
fdffff
faffff
feffff
faffff
faffff
f7ffff
c3deff
ffffff
e6cbdc
dbb1cc
9b839a
383838
000000
000000
000000
000000
000000
000000
000000
000000
000000
000000
000000
000000
000000
000000
000000
000000
000000
000000
000000
000000
000000
000000
000000
000000
000000
000000
000000
000000
000000
000000
000000
000000
010001
281d26
4e394e
6c506e
926994
b780ab
72517d
be85b2
7d5a88
c288b6
c4a4c0
d9b1ca
d8b1ca
d9b1cb
88798d
383838
000000
000000
000000
000000
000000
000000
000000
000000
000000
000000
000000
000000
000000
000000
000000
000000
000000
000000
000000
000000
000000
000000
000000
000000
000000
000000
000000
000000
000000
000000
000000
000000
000000
000000
000000
000000
000000
8f6985
eed9e5
d5c1d5
cfaaca
120e16
000000
000000
000000
a578a6
b27fa9
b27fa9
7f5d7d
000000
000000
000000
000000
000000
000000
000000
000000
000000
000000
000000
000000
000000
000000
000000
000000
000000
000000
000000
000000
000000
000000
000000
000000
000000
000000
000000
000000
000000
000000
000000
000000
000000
000000
000000
000000
000000
000000
e9abcb
f5ffff
f6ffff
e0c9e0
000000
000000
000000
010001
4c384d
b584ac
b483ac
c18cb8
000000
000000
000000
000000
000000
000000
000000
000000
000000
000000
000000
000000
000000
000000
000000
000000
000000
000000
000000
000000
000000
000000
000000
000000
000000
000000
000000
000000
000000
000000
000000
000000
000000
000000
000000
000000
000000
000000
a67e91
f8f0f4
f5ffff
e2cce3
000000
000000
000000
000000
000000
bd8ab9
b785ae
b886b3
000000
000000
000000
000000
000000
000000
000000
000000
000000
000000
000000
000000
000000
000000
000000
000000
000000
000000
000000
000000
000000
000000
000000
000000
000000
000000
000000
000000
000000
000000
000000
000000
000000
000000
000000
000000
000000
000000
4a314a
fefefe
ffd1de
ceb0cb
000000
000000
000000
000000
010001
000000
433248
1b141d
010001
000000
000000
000000
000000
000000
000000
000000
000000
000000
000000
000000
000000
000000
000000
000000
000000
000000
000000
000000
000000
000000
000000
000000
000000
000000
000000
000000
000000
000000
000000
000000
000000
000000
000000
000000
000000
000000
000000
3d2942
593e55
170f19
010001
000000
000000
000000
000000
000000
000000
000000
000000
000000
000000
000000
000000
000000
000000
000000
000000
000000
000000
000000
000000
000000
000000
000000
000000
000000
000000
000000
000000
000000
000000
000000
000000
000000
000000
000000
000000
000000
000000
000000
000000
000000
000000
000000
000000
000000
000000
000000
000000
000000
000000
000000
000000
000000
000000
000000
000000
000000
000000
000000
000000
000000
000000
000000
000000
000000
000000
000000
000000
000000
000000
000000
000000
000000
000000
000000
000000
000000
000000
000000
000000
000000
000000
000000
000000
000000
000000
000000
000000
000000
000000
000000
000000
000000
000000
000000
000000
000000
000000
000000
000000
000000
000000
000000
000000
000000
000000
000000
000000
000000
000000
000000
000000
000000
000000
000000
000000
000000
000000
000000
000000
000000
000000
000000
000000
000000
000000
000000
000000
000000
000000
000000
000000
000000
000000
000000
000000
000000
000000
000000
000000
000000
000000
000000
000000
000000
000000
000000
000000
000000
000000
000000
000000
000000
000000
000000
000000
000000
000000
000000
000000
000000
000000
000000
000000
000000
000000
000000
000000
000000
000000
000000
000000
000000
000000
000000
000000
000000
000000
000000
000000
000000
000000
000000
000000
000000
000000
000000
000000
000000
000000
000000
000000
000000
000000
000000
000000
000000
000000
000000
000000
000000
000000
000000
000000
000000
000000
000000
000000
000000
000000
000000
000000
000000
000000
000000
000000
000000
000000
000000
000000
000000
000000
000000
000000
000000
000000
000000
000000
000000
000000
000000
000000
000000
000000
000000
000000
000000
000000
000000
000000
000000
000000
000000
000000
000000
000000
000000
000000
000000
000000
000000
000000
000000
000000
000000
000000
000000
000000
000000
000000
000000
000000
000000
000000
000000
000000
000000
000000
000000
000000
000000
000000
000000
000000
000000
000000
000000
000000
000000
000000
000000
000000
000000
000000
000000
000000
000000
000000
000000
000000
000000
000000
000000
000000
000000
000000
000000
000000
000000
000000
000000
000000
000000
000000
000000
000000
000000
000000
000000
000000
000000
000000
000000
000000
000000
000000
000000
000000
000000
000000
000000
000000
000000
000000
000000
000000
000000
000000
000000
000000
000000
000000
000000
000000
000000
000000
000000
000000
000000
000000
000000
000000
000000
000000
000000
000000
000000
000000
000000
000000
000000
000000
000000
000000
000000
000000
000000
000000
000000
000000
000000
000000
000000
000000
000000
000000
000000
000000
000000
000000
000000
000000
000000
000000
000000
000000
000000
000000
000000
000000
000000
000000
000000
000000
000000
000000
000000
000000
000000
000000
000000
000000
000000
000000
000000
000000
000000
000000
000000
000000
000000
000000
000000
000000
000000
000000
000000
000000
000000
000000
000000
000000
000000
000000
000000
000000
000000
000000
000000
000000
000000
000000
000000
000000
000000
