000000
000000
000000
000000
000000
000000
000000
000000
000000
000000
000000
000000
000000
000000
000000
000000
000000
000000
000000
000000
000000
000000
000000
000000
000000
000000
000000
000000
000000
000000
000000
000000
000000
000000
000000
000000
000000
000000
000000
000000
000000
000000
000000
000000
000000
000000
000000
000000
000000
000000
000000
000000
000000
000000
000000
000000
000000
000000
000000
000000
000000
000000
000000
000000
000000
000000
000000
000000
000000
000000
000000
000000
000000
000000
000000
000000
000000
000000
000000
000000
000000
000000
000000
000000
000000
000000
000000
000000
000000
000000
000000
000000
000000
000000
000000
000000
000000
000000
000000
000000
000000
000000
000000
000000
000000
000000
000000
000000
000000
000000
000000
000000
000000
000000
000000
000000
000000
000000
000000
000000
000000
000000
000000
000000
000000
000000
000000
000000
000000
000000
000000
000000
000000
000000
000000
000000
000000
000000
000000
000000
000000
000000
000000
000000
000000
000000
000000
000000
000000
000000
000000
000000
000000
000000
000000
000000
000000
000000
000000
000000
000000
000000
000000
000000
000000
000000
000000
000000
000000
000000
01100d
01100d
000000
000000
000000
000000
042e25
000000
000000
000000
000000
000000
000000
000000
000000
000000
000000
000000
000000
000000
000000
000000
000000
000000
000000
000000
000000
000000
000000
000000
000000
000000
000000
000000
000000
000000
000000
000000
000000
000000
000000
000000
000000
000000
000000
000000
000000
000000
000000
01100d
0f8d67
0d7b5c
000000
000000
000000
000000
0d6247
0f9069
010a09
000000
000000
000000
000000
000000
000000
000000
000000
000000
000000
000000
000000
000000
000000
000000
000000
000000
000000
000000
000000
000000
000000
000000
000000
000000
000000
000000
000000
000000
000000
000000
000000
000000
000000
000000
000000
000000
000000
000000
000000
03221c
11986d
119a6e
03221c
000000
000000
041611
0c5e45
10946a
0f8e67
010d0b
000000
000000
000000
000000
000000
000000
000000
000000
000000
000000
000000
000000
000000
000000
000000
000000
000000
000000
000000
000000
000000
000000
000000
000000
000000
000000
000000
000000
000000
000000
000000
000000
000000
000000
000000
000000
000000
000000
010f0c
085343
11986d
10946a
0d7b5b
010f0c
000000
04100d
0c6a4e
11996d
10936a
0b6349
000000
000000
000000
000000
000000
000000
000000
000000
000000
000000
000000
000000
000000
000000
000000
000000
000000
000000
000000
000000
000000
000000
000000
000000
000000
000000
000000
000000
000000
000000
000000
000000
000000
000000
000000
000000
000000
000000
095a48
095e49
10966b
0e8561
0a5843
094f3e
030b09
084033
0a5c45
073d32
119f71
0b6850
000000
000000
000000
000000
000000
000000
000000
000000
000000
000000
000000
000000
000000
000000
000000
000000
000000
000000
000000
000000
000000
000000
000000
000000
000000
000000
000000
000000
000000
000000
000000
000000
074a3b
000000
000000
000000
000000
000000
0b5c46
119d6f
11986d
0f8b65
072d21
0b2f36
197a8e
41949c
5d8d8f
216c8b
0c4d68
06232e
000000
000001
000000
000000
000000
000000
000000
000000
000000
000000
000000
000000
000000
000000
000000
000000
000000
000000
000000
000000
000000
000000
000000
000000
000000
000000
000000
000000
000000
000000
000000
000000
072a21
094e3e
064335
042c23
042c23
062c22
083026
085141
074e3c
05484c
2a7caf
61baf5
b7f7ff
b3f3ff
aceeff
b2f3ff
9ce5ff
4cabf1
3187d3
0c2b4b
000000
000000
000000
000000
000000
000000
000000
000000
000000
000000
000000
000000
000000
000000
000000
000000
000000
000000
000000
000000
000000
000000
000000
000000
000000
000000
000000
000000
000000
000000
000000
072019
08261e
08261e
08261e
08281f
082920
072f1f
387ca4
9fe7ff
99e0fa
b5f5ff
75c4f1
90d9f8
aceeff
aceeff
aff0ff
78c7f2
b9f8ff
60b8f1
195791
000000
000000
000000
000000
000000
000000
000000
000000
000000
000000
000000
000000
000000
000000
000000
000000
000000
000000
000000
000000
000000
000000
000000
000000
000000
000000
000000
000000
000000
000000
000000
07221a
082920
082920
082920
082920
134e6f
bfffff
5cb2eb
5cb2eb
9ae0fa
7bc9f3
aceeff
aceeff
aceeff
aff1ff
71c1f0
b0f2ff
aaefff
fefefe
2e6897
373737
000000
000000
000000
000000
000000
000000
000000
000000
000000
000000
000000
000000
000000
000000
000000
000000
000000
000000
000000
000000
000000
000000
000000
000000
000000
000000
000000
000000
000000
000000
041510
092d23
092d24
081c23
68a3d0
7bc9f2
49a4e8
96def9
7bc9f3
8ecdf3
d5f7ff
81caeb
acf1ff
d8f8ff
6ab8e4
a1d1f3
d6f8ff
aaefff
b9fbfe
8ebbe1
000000
000000
000000
000000
000000
000000
000000
000000
000000
000000
000000
000000
000000
000000
000000
000000
000000
000000
000000
000000
000000
000000
000000
000000
000000
000000
000000
808787
7b8080
343838
000000
000000
030310
205fa5
529ace
439fe4
2c7abf
b8faff
79c8f4
8bc2e3
71bfee
b05f56
b1eaff
d8fbff
918497
5aabe7
aaefff
74c4f0
a2ebff
93bbdd
000000
000000
000000
000000
000000
000000
000000
000000
000000
000000
000000
000000
000000
000000
000000
000000
000000
000000
000000
000000
000000
000000
000000
000000
000000
000000
000000
e0ffff
a8f4eb
daffff
ddffff
d5e5f1
317dc4
1e60a2
1c5b9d
469ddf
135398
6ab4e0
b7fdff
7a647c
ef7754
f6a182
b7b7be
aaf6ff
c87353
494a75
9be6ff
80d2fc
4678ae
4594d2
000000
000000
000000
000000
000000
000000
000000
000000
000000
000000
000000
000000
000000
000000
000000
000000
000000
000000
000000
000000
000000
000000
000000
000000
000000
000000
000000
87bfb8
e9fefe
aef4ec
97cfd5
3788cf
2970b2
1f60a2
2164a6
19599c
7cc7ee
67a0cb
2f4e62
000000
110500
cd896f
ffcbac
c2e4f5
000000
193a81
6da9cf
35669e
0e3478
a8f1fe
336997
000000
000001
000000
000000
000000
000000
000000
000000
000000
000000
000000
000000
000000
000000
000000
000000
000000
000000
000000
000000
000000
000000
000000
000000
000000
000000
61847f
bef7f0
ffffff
144c95
2766a8
1e5fa1
429add
194789
206cb3
70afd4
61b4e8
001237
959a9b
000000
2b1812
fff0df
fff1db
012592
1d518f
13387b
5566a0
78a0d0
4182b6
72a6d0
0d345b
000000
000000
000000
000000
000000
000000
000000
000000
000000
000000
000000
000000
000000
000000
000000
000000
000000
000000
000000
000000
000000
000000
000000
000000
000000
000000
befffd
a9c6d6
5f9ec8
35538f
57aae2
7cc5e9
142f70
72bde7
5e9fca
9de6ff
5b81b3
787ec1
114fe6
edb089
ffe6d5
ffeed9
354bba
343d5c
47a3e5
5a86ba
91b9e5
c7ffff
000000
000000
000000
000000
000000
000000
000000
000000
000000
000000
000000
000000
000000
000000
000000
000000
000000
000000
000000
000000
000000
000000
000000
000000
000000
000000
000000
000000
bffffd
9dcadf
b1f3f0
5c8db8
8bdaff
1357a0
4b6597
bfffff
5cb5f0
defcff
5bb4e6
ffba8c
7882bf
ffddc4
ffeada
ffe5d4
fff3db
432e36
337bbd
3a88cc
82abcc
84b9b1
000000
000000
000000
000000
000000
000000
000000
000000
000000
000000
000000
000000
000000
000000
000000
000000
000000
000000
000000
000000
000000
000000
000000
000000
000000
000000
000000
000000
bdfffc
a1cfe3
6b73ab
2875bb
154d94
c1dfe5
4271ab
4085bf
154b93
deffff
e1ffff
746780
ffe5d1
ffdfca
ffcfb6
e3a787
543648
325297
5377ad
68abd6
8bbbe1
feffff
bac7c7
7c7f7f
314643
000000
000000
000000
000000
000000
000000
000000
000000
000000
000000
000000
000000
000000
000000
000000
000000
000000
000000
000000
000000
000000
000000
010101
000000
788080
e9ffff
c4fef2
93b0e0
98b7e0
9298c8
93bddd
d7fbfc
ffffff
c5d5e1
429bda
cdfcff
5c6870
9f4924
bf6043
8e4129
a2bed4
a6a0bb
4f5893
b0e4e7
b7fcef
c0fbf2
f6ffff
bed8f2
89c2b9
000000
000000
000000
000000
000000
000000
000000
000000
000000
000000
000000
000000
000000
000000
000000
000000
000000
000000
000000
000000
000000
010101
000000
7b8080
ffffff
edfefe
eeffff
f2ffff
caeef5
96cbe8
8a8fc1
90add9
888bc0
aed1e5
c7dce1
a4a0bd
7ea9d5
3c79d3
b7a3e0
ca8a6a
b5b4ea
b68fbf
f9ffff
e2b2cb
a2d8e7
8ca3d5
8ca0d3
ccf0f6
b4f8fb
273533
000000
000000
000000
000000
000000
000000
000000
000000
000000
000000
000000
000000
000000
000000
000000
000000
000000
000000
000000
000000
000000
000000
a0dad3
aff3eb
a5e5ea
c3dff3
c0dcf2
e4fffc
f3ffff
fcffff
a6c1e5
8fa8d6
8a8ec0
91b0dd
865b87
ffd0dd
fefbfb
ffffff
96504f
913833
c72c21
4f388b
7e67a3
b586ad
899ccd
8a90c2
99c2e2
d1ffff
1f2c2a
010101
000000
000000
000000
000000
000000
000000
000000
000000
000000
000000
000000
000000
000000
000000
000000
000000
000000
000000
000000
000000
000000
000000
000000
93c9c2
bdfff6
91b8e6
92b3de
8ba3d3
8aa4d4
89a2d4
a0c9da
98b8d8
90abd8
91b0dc
9d6f98
ac7ca8
dea4c0
d57f7d
fffdef
ffc8b3
a85832
d7a183
ffcfb3
853609
90a2b9
91b1de
b9fbfd
202c2b
010101
000000
000000
000000
000000
000000
000000
000000
000000
000000
000000
000000
000000
000000
000000
000000
000000
000000
000000
000000
000000
000000
000000
000000
000000
000000
212d2c
aedff1
91b1de
8fa7d4
90abd8
8a90c2
8b94c5
8b94c5
8b94c5
8b93c4
816994
ab7da6
987099
ac7593
f99a77
f3b69f
fff1e3
fcd3c2
a5532d
de8b6a
888376
b4daef
5b6d6a
020202
000000
000000
000000
000000
000000
000000
000000
000000
000000
000000
000000
000000
000000
000000
000000
000000
000000
000000
000000
000000
000000
000000
000000
000000
000000
000000
010101
212e2b
bfffff
a9e4f2
8db7e4
8fbde8
8ea5d4
8ea0ce
8b93c4
8a90c2
8ea4d3
8d82ad
3e2b62
774349
ffa384
ffe6d3
d68f73
8c3f11
f79071
cf6d46
93abb8
b1fbed
ffffff
000000
000000
000000
000000
000000
000000
000000
000000
000000
000000
000000
000000
000000
000000
000000
000000
000000
000000
000000
000000
000000
000000
000000
000000
000000
000000
000000
000000
010101
000000
b7c0c0
fbffff
d0f2f6
99c3e0
8a8dc0
93b7e1
90abd8
898ec0
505b92
442f69
03014b
42263a
3d2c54
463358
061a85
03003f
283070
9dc8f1
9fcdef
b4e7ee
7b8080
010101
000000
000000
000000
000000
000000
000000
000000
000000
000000
000000
000000
000000
000000
000000
000000
000000
000000
000000
000000
000000
000000
000000
000000
000000
000000
000000
000000
c6d0d0
c7e9f3
93c5e5
92bae6
92bae7
95c3ea
8fa8d5
898ec0
7693af
080042
10084a
100543
1035b6
1031ac
153fbf
194bcf
143ec1
0b2191
516284
24302d
5b7d77
c2dfdc
000000
000000
000000
000000
000000
000000
000000
000000
000000
000000
000000
000000
000000
000000
000000
000000
000000
000000
000000
000000
000000
000000
000000
000000
000000
000000
000000
3e4040
d1ffff
c0fffd
c3ffff
a5e5e9
c3f5f5
8b95c7
99b5e5
4a626f
03002d
10084a
10084a
100440
1034b3
1031ac
153fbf
1237b4
1d57e0
1849cd
3b66c2
222a34
000000
000000
010101
000000
000000
000000
000000
000000
000000
000000
000000
000000
000000
000000
000000
000000
000000
000000
000000
000000
000000
000000
000000
000000
000000
000000
000000
000000
000000
000000
000000
000000
000000
fbffff
8eafe1
7598b7
1f2626
0e073e
10084a
10084a
10084a
0f1977
153fbe
102faa
1c57df
2165f2
2063f0
2165f2
1852e0
375067
000000
000000
000000
000000
000000
000000
000000
000000
000000
000000
000000
000000
000000
000000
000000
000000
000000
000000
000000
000000
000000
000000
000000
000000
000000
000000
000000
000000
000000
000000
000000
000000
668b87
bafcff
1a212a
000000
0d073d
10084a
10084a
10084a
100440
184ed7
1849cd
143cba
2164f0
2062ee
2062ee
2062ee
2164f0
103195
000000
000000
000000
000000
000000
000000
000000
000000
000000
000000
000000
000000
000000
000000
000000
000000
000000
000000
000000
000000
000000
000000
000000
000000
000000
000000
000000
000000
000000
000000
000000
000000
000000
000000
02000d
0e034f
10084a
10084a
100543
101466
132789
2165f2
1d57e0
1746c9
2062ee
2062ee
2062ee
2062ee
2062ee
1d59e5
00021b
010101
000000
000000
000000
000000
000000
000000
000000
000000
000000
000000
000000
000000
000000
000000
000000
000000
000000
000000
000000
000000
000000
000000
000000
000000
000000
000000
000000
000000
000000
000000
28303e
2a2f4e
3e486c
414e6d
0e0549
10084a
101d7b
10176f
1d5bea
2062ee
2062ee
1c56de
2164f0
2062ee
2062ee
2062ee
2062ee
2062ee
7da6f5
5f666d
000000
000000
000000
000000
000000
000000
000000
000000
000000
000000
000000
000000
000000
000000
000000
000000
000000
000000
000000
000000
000000
000000
000000
000000
000000
000000
000000
000000
000000
694e70
565b78
4a5a73
4c5d74
1d1a53
10084a
100f5c
0b30b2
143ebe
2163f0
2062ee
2266f2
0e34b5
2165f2
2062ee
2062ee
195ded
5589f2
2163ee
4f84f2
fefefe
eaf6fd
b0a6b2
000000
000000
000000
000000
000000
000000
000000
000000
000000
000000
000000
000000
000000
000000
000000
000000
000000
000000
000000
000000
000000
000000
000000
000000
000000
000000
000000
866282
615b7c
4a5a73
506277
0c0348
11105c
2c4cb6
7c8eb6
1450df
2062ee
2266f2
2b4ebb
7c8db4
165cf1
2062ee
2062ee
0b53ec
ffffff
477ff1
0b53ec
ffffff
f8ffff
e9c0d2
917079
000000
000000
000000
000000
000000
000000
000000
000000
000000
000000
000000
000000
000000
000000
000000
000000
000000
000000
000000
000000
000000
000000
000000
000000
000000
000000
19131c
ba84b0
42586f
2b2c57
031179
526dbb
9dacbe
d2dbdf
1359ef
1d58e0
2b50bd
9dacbe
c8d4e0
cfe2fc
1258ed
2062ee
93b6f7
f5feff
fdffff
d0e3fc
75a0f4
fffbfb
ecafd1
000000
000000
000000
000000
000000
000000
000000
000000
000000
000000
000000
000000
000000
000000
000000
000000
000000
000000
000000
000000
000000
000000
000000
000000
000000
000000
000000
000000
755778
927398
57639d
a1afbe
93a4bd
8d9eb9
ffffff
0630b7
2744ad
9dacbe
94a4bd
c2cedc
f5feff
8bb1f7
2163ee
8bb1f7
f6ffff
f6ffff
f5feff
fffffd
c98db8
2e2829
010101
000000
000000
000000
000000
000000
000000
000000
000000
000000
000000
000000
000000
000000
000000
000000
000000
000000
000000
000000
000000
000000
000000
000000
000000
000000
000000
000000
000000
876384
916893
9da0bc
95a6bf
91a1bb
b4c2ce
001ea9
a1b0bf
94a4bd
8d9eb9
ffffff
f6ffff
ffffff
477ff1
84acf6
f8ffff
faffff
e8d0de
ca8cb7
2e2e2e
010101
000000
000000
000000
000000
000000
000000
000000
000000
000000
000000
000000
000000
000000
000000
000000
000000
000000
000000
000000
000000
000000
000000
000000
000000
000000
000000
000000
000000
000000
000000
241a22
9a719f
a283a8
8881a2
9398b2
738bbb
93a7bf
92a6be
8fa3bc
fbffff
fbffff
f5ffff
fff8f6
efd5df
d0bcd3
e0b7d0
9d889d
373737
010101
000000
000000
000000
000000
000000
000000
000000
000000
000000
000000
000000
000000
000000
000000
000000
000000
000000
000000
000000
000000
000000
000000
000000
000000
000000
000000
000000
000000
000000
000000
000000
010001
000000
5c4357
ad7ea9
976895
966793
946893
c98ebb
7f5988
fffeff
b176a9
fffcff
bc99ba
c4a4c2
cf98bc
1d121c
000000
000000
000000
000000
000000
000000
000000
000000
000000
000000
000000
000000
000000
000000
000000
000000
000000
000000
000000
000000
000000
000000
000000
000000
000000
000000
000000
000000
000000
000000
000000
000000
000000
000000
000000
000000
000000
a87f92
fef9fa
fbffff
e6d2e7
000000
000000
000000
000000
000000
bd8bb9
b785ae
b886b3
000000
000000
000000
000000
000000
000000
000000
000000
000000
000000
000000
000000
000000
000000
000000
000000
000000
000000
000000
000000
000000
000000
000000
000000
000000
000000
000000
000000
000000
000000
000000
000000
000000
000000
000000
000000
000000
000000
4a314a
fefefe
ffd1de
ceb0cb
000000
000000
000000
000000
010001
000000
433248
1b141d
010001
000000
000000
000000
000000
000000
000000
000000
000000
000000
000000
000000
000000
000000
000000
000000
000000
000000
000000
000000
000000
000000
000000
000000
000000
000000
000000
000000
000000
000000
000000
000000
000000
000000
000000
000000
000000
000000
000000
3d2942
593e55
170f19
010001
000000
000000
000000
000000
000000
000000
000000
000000
000000
000000
000000
000000
000000
000000
000000
000000
000000
000000
000000
000000
000000
000000
000000
000000
000000
000000
000000
000000
000000
000000
000000
000000
000000
000000
000000
000000
000000
000000
000000
000000
000000
000000
000000
000000
000000
000000
000000
000000
000000
000000
000000
000000
000000
000000
000000
000000
000000
000000
000000
000000
000000
000000
000000
000000
000000
000000
000000
000000
000000
000000
000000
000000
000000
000000
000000
000000
000000
000000
000000
000000
000000
000000
000000
000000
000000
000000
000000
000000
000000
000000
000000
000000
000000
000000
000000
000000
000000
000000
000000
000000
000000
000000
000000
000000
000000
000000
000000
000000
000000
000000
000000
000000
000000
000000
000000
000000
000000
000000
000000
000000
000000
000000
000000
000000
000000
000000
000000
000000
000000
000000
000000
000000
000000
000000
000000
000000
000000
000000
000000
000000
000000
000000
000000
000000
000000
000000
000000
000000
000000
000000
000000
000000
000000
000000
000000
000000
000000
000000
000000
000000
000000
000000
000000
000000
000000
000000
000000
000000
000000
000000
000000
000000
000000
000000
000000
000000
000000
000000
000000
000000
000000
000000
000000
000000
000000
000000
000000
000000
000000
000000
000000
000000
000000
000000
000000
000000
000000
000000
000000
000000
000000
000000
000000
000000
000000
000000
000000
000000
000000
000000
000000
000000
000000
000000
000000
000000
000000
000000
000000
000000
000000
000000
000000
000000
000000
000000
000000
000000
000000
000000
000000
000000
000000
000000
000000
000000
000000
000000
000000
000000
000000
000000
000000
000000
000000
000000
000000
000000
000000
000000
000000
000000
000000
000000
000000
000000
000000
000000
000000
000000
000000
000000
000000
000000
000000
000000
000000
000000
000000
000000
000000
000000
000000
000000
000000
000000
000000
000000
000000
000000
000000
000000
000000
000000
000000
000000
000000
000000
000000
000000
000000
000000
000000
000000
000000
000000
000000
000000
000000
000000
000000
000000
000000
000000
000000
000000
000000
000000
000000
000000
000000
000000
000000
000000
000000
000000
000000
000000
000000
000000
000000
000000
000000
000000
000000
000000
000000
000000
000000
000000
000000
000000
000000
000000
000000
000000
000000
000000
000000
000000
000000
000000
000000
000000
000000
000000
000000
000000
000000
000000
000000
000000
000000
000000
000000
000000
000000
000000
000000
000000
000000
000000
000000
000000
000000
000000
000000
000000
000000
000000
000000
000000
000000
000000
000000
