000000
000000
000000
000000
000000
000000
000000
000000
000000
000000
000000
000000
000000
000000
000000
000000
000000
000000
000000
000000
000000
000000
000000
000000
000000
000000
000000
000000
000000
000000
000000
000000
000000
000000
000000
000000
000000
000000
000000
000000
000000
000000
000000
000000
000000
000000
000000
000000
000000
000000
000000
000000
000000
000000
000000
000000
000000
000000
000000
000000
000000
000000
000000
000000
000000
000000
000000
000000
000000
000000
000000
000000
000000
000000
000000
000000
000000
000000
000000
000000
000000
000000
000000
000000
000000
000000
000000
000000
000000
000000
000000
000000
000000
000000
000000
000000
000000
000000
000000
000000
000000
000000
000000
000000
000000
000000
000000
000000
000000
000000
000000
000000
000000
000000
000000
000000
000000
000000
000000
000000
000000
000000
000000
000000
000000
000000
000000
000000
000000
000000
000000
000000
000000
000000
000000
000000
000000
000000
000000
000000
000000
000000
000000
000000
000000
000000
000000
000000
000000
000000
000000
000000
000000
000000
000000
000000
000000
000000
000000
000000
000000
000000
000000
000000
000000
000000
000000
000000
000000
000000
000000
000000
000000
000000
000000
000000
000000
021410
000000
000000
000000
000000
000000
000000
000000
000000
000000
000000
000000
000000
000000
000000
000000
000000
000000
000000
000000
000000
000000
000000
000000
000000
000000
000000
000000
000000
000000
000000
000000
000000
000000
000000
000000
000000
000000
000000
000000
000000
010a09
095642
000000
000000
000000
000000
000000
000000
020907
0d6247
0f9069
010d0b
000000
000000
000000
000000
000000
000000
000000
000000
000000
000000
000000
000000
000000
000000
000000
000000
000000
000000
000000
000000
000000
000000
000000
000000
000000
000000
000000
000000
000000
000000
000000
000000
000000
000000
000000
000000
000000
000000
0d805f
10986c
0d7b5c
010b09
000000
000000
000000
000000
061a14
0e8a64
10946a
0b6349
000000
000000
000000
000000
000000
000000
000000
000000
000000
000000
000000
000000
000000
000000
000000
000000
000000
000000
000000
000000
000000
000000
000000
000000
000000
000000
000000
000000
000000
000000
000000
000000
000000
000000
000000
000000
000000
000000
085343
0e8661
10946a
0f8b65
063c30
02130f
000000
071f18
0a5c46
0f8963
0e8360
0d7a5b
000000
000000
000000
000000
000000
000000
000000
000000
000000
000000
000000
000000
000000
000000
000000
000000
000000
000000
000000
000000
000000
000000
000000
000000
000000
000000
000000
000000
000000
000000
000000
000000
000000
000000
000000
000000
000000
042c23
074d3e
0e8661
10946a
0e8561
0a4e3a
083124
085137
034931
002318
043423
096447
07523f
000000
000000
000000
000000
000000
000000
000000
000000
000000
000000
000000
000000
000000
000000
000000
000000
000000
000000
000000
000000
000000
000000
000000
000000
000000
000000
000000
000000
000000
000000
000000
000000
000000
000000
000000
000000
000000
041f18
0d7c5c
0c7054
0e8661
0c7554
094649
2b74a9
77bcea
9ae2ff
bafdff
7dcfff
4a92ce
3285b4
0d2b4f
000000
000001
000000
000000
000000
000000
000000
000000
000000
000000
000000
000000
000000
000000
000000
000000
000000
000000
000000
000000
000000
000000
000000
000000
000000
000000
000000
000000
000000
000000
000000
000000
000000
000000
000000
000000
000000
06251e
085645
074d50
458eb4
83d3fd
96ddf9
b6f6ff
8dd6f7
aceeff
aceeff
b6f6ff
3997e2
86d5fa
3288d4
030d19
000001
000000
000000
000000
000000
000000
000000
000000
000000
000000
000000
000000
000000
000000
000000
000000
000000
000000
000000
000000
000000
000000
000000
000000
000000
000000
000000
000000
000000
000000
000000
000000
000000
000000
000000
010605
082d36
94d7f6
b6f5ff
6dbfef
9ee4fb
52aae8
b3f3ff
aceeff
aceeff
aff0ff
9be1fb
abedff
97def9
74c5f2
000817
000000
010101
000000
000000
000000
000000
000000
000000
000000
000000
000000
000000
000000
000000
000000
000000
000000
000000
000000
000000
000000
000000
000000
000000
000000
000000
000000
000000
000000
000000
000000
000000
000000
000000
06392a
4787af
b5f5ff
52aae8
bdfbff
3695e1
b3f5ff
aceeff
aff1ff
aceeff
b1f7ff
618aba
c8faff
b9f1ff
f2feff
92daf9
91a9b9
000000
000000
000000
000000
000000
000000
000000
000000
000000
000000
000000
000000
000000
000000
000000
000000
000000
000000
000000
000000
000000
000000
000000
000000
000000
000000
010101
000000
000000
000000
000000
010f0c
095d4a
062d1b
6baedb
5cb2eb
7fccf3
b2f2ff
78c7f2
d8f8ff
d5f7ff
71c6f3
defdff
6bcdff
c07b6f
9fd4f8
bff4ff
8ed9f8
b5f7ff
8db8dc
000000
000000
000000
000000
000000
000000
000000
000000
000000
000000
000000
000000
000000
000000
000000
000000
000000
000000
000000
000000
000000
000000
000000
000000
000000
000000
000000
feffff
e3ffff
426c63
064033
085946
083026
0e2d49
5dade1
3b8fd3
80cef5
b2f2ff
5ab2ec
aff2ff
9be7ff
4d72a2
c4ffff
c8938b
f28765
56a5d5
b2f2ff
76c6f3
9de5ff
8cb7da
000000
000000
000000
000000
000000
000000
000000
000000
000000
000000
000000
000000
000000
000000
000000
000000
000000
000000
000000
000000
000000
000000
000000
000000
000000
000000
000000
d4ffff
c6fdf7
287162
093e31
08251d
07281a
16327c
50aff1
266cae
3991d7
bdfcff
3186d2
3f6678
1b2f4b
ffb68b
9dcde4
ffae88
2f1e14
6496c4
9ee7ff
65a4cc
3088d1
caf2ff
000000
000000
000000
000000
000000
000000
000000
000000
000000
000000
000000
000000
000000
000000
000000
000000
000000
000000
000000
000000
000000
000000
000000
000000
000000
000000
010101
52726e
e7fefd
daffff
37524a
092a21
0c2d34
1d4e93
3887c9
1e5ea0
14549a
84d7ff
00040d
111010
000001
2c1810
d2dce5
fff9e8
000013
518abe
1f5fa4
6aadd5
428cc6
c0ffff
000000
000000
000000
000000
000000
000000
000000
000000
000000
000000
000000
000000
000000
000000
000000
000000
000000
000000
000000
000000
000000
000000
000000
000000
000000
000000
000000
273634
b4fdf4
f9ffff
b7e3fa
789089
506986
1f64a6
1f60a2
1e5ea0
3483c7
84d1f8
195a91
d1eaff
000b4b
a67356
fee7d7
ffeed2
0a53f4
164b8c
173476
477eb5
63a3ce
c9ffff
000000
000000
000000
000000
000000
000000
000000
000000
000000
000000
000000
000000
000000
000000
000000
000000
000000
000000
000000
000000
000000
000000
000000
000000
000000
000000
000000
000000
bffffd
b9e9f1
aeedec
afd0f3
0a3e85
3a8bcd
1c5b9d
236db2
78bfe6
55a3db
83d3f9
1656a8
0038d3
ffe6c8
ffe6d5
ffead9
be9eaf
686e70
2665a7
175093
2c7cc4
cfffff
000000
000000
000000
000000
000000
000000
000000
000000
000000
000000
000000
000000
000000
000000
000000
000000
000000
000000
000000
000000
000000
000000
000000
000000
000000
000000
000000
000000
bffffd
9fc1d6
96b3d6
bafef8
13458c
4c7fb3
2e78bd
467cb3
82d2fa
6aa9cf
d7f7ff
6cc7f6
fffbdc
fec3a9
ffc3a8
fff4e5
e38f67
375a85
50aff1
5c79ae
5391c7
a2b6b5
353939
000000
000000
000000
000000
000000
000000
000000
000000
000000
000000
000000
000000
000000
000000
000000
000000
000000
000000
000000
000000
000000
000000
000000
000000
000000
010101
000000
cfffff
acecee
8ea5d4
929ece
0d3073
447fb7
6ba4ca
6897bd
4889c0
1e60a7
dcffff
9ed6fd
bb764c
f0b29f
daa487
5e4857
003180
113073
47a3e5
6391ac
a9d1e2
edffff
feffff
ecffff
2a3c3a
000000
000000
000000
000000
000000
000000
000000
000000
000000
000000
000000
000000
000000
000000
000000
000000
000000
000000
000000
000000
000000
010101
000000
778080
ffffff
effefe
e4fffc
94c8e7
98c2eb
6d79af
7594c4
4c92c8
3170b3
0d3479
092b6f
92d4fb
60bae9
ee9390
a04b23
5f4980
cd91ad
f6dee8
ab82ab
083c83
b2eaf5
a1dceb
def1fb
8dbee3
5b7d77
010101
000000
000000
000000
000000
000000
000000
000000
000000
000000
000000
000000
000000
000000
000000
000000
000000
000000
000000
000000
000000
000000
5e827e
e9ffff
cffbf5
f6ffff
f4ffff
efffff
f5ffff
cbf1f6
8797ca
898ec0
707cb0
5385bc
978da4
f7b9cb
6890be
adb4c9
8a7dc6
bc7a82
fd9995
5f63bc
ebd5dc
a68baa
708abe
8e95c6
8993c8
d9fef9
91cbc2
000000
000000
000000
000000
000000
000000
000000
000000
000000
000000
000000
000000
000000
000000
000000
000000
000000
000000
000000
000000
000000
000000
010101
202c2b
c0fffe
ace8ec
8db7e4
8eb8e5
b2e0f0
c2e1f5
c0def4
c2f6f5
9ed4ee
90abd8
8a90c3
9a6f98
d9a2bf
fff4f6
dda8b5
d19b7c
d79574
af4b30
7a2d39
936482
af6e62
90bced
8c99c9
a4ddec
91c9c3
000000
000000
000000
000000
000000
000000
000000
000000
000000
000000
000000
000000
000000
000000
000000
000000
000000
000000
000000
000000
000000
000000
000000
000000
010101
273533
8ec3bb
98bdde
8fa6d3
8d9ccb
8a8fc1
8b92c3
888ec2
8990c3
8a90c2
91b1de
8c638b
b885ae
9e739e
c3889d
f9bfa6
e9947b
dcac90
fff7e8
e2b59b
a75131
837371
8eb7e6
8fc6bb
000000
000000
000000
000000
000000
000000
000000
000000
000000
000000
000000
000000
000000
000000
000000
000000
000000
000000
000000
000000
000000
000000
000000
000000
000000
000000
000000
000000
8cbdc2
9bcae8
8faedc
95c3ea
90a9d6
8a90c2
8b93c4
8b94c5
8b94c5
898aba
8c648c
956f97
c0757b
ffaf8c
fff1e3
ffe1cc
c97d63
c77152
ffaf91
919171
c5fcf3
bdc7c7
000000
000000
000000
000000
000000
000000
000000
000000
000000
000000
000000
000000
000000
000000
000000
000000
000000
000000
000000
000000
000000
000000
000000
000000
000000
000000
000000
000000
000000
628681
90b6af
c0dcf2
c8e1f4
9cd2ec
8d9ecd
8d9dcc
90abd8
8d9fce
757eb3
382461
180833
bf6637
c58458
953f0a
3b2e5b
734f7f
7c6376
93c2f4
a1d7e9
edffff
343838
000000
000000
000000
000000
000000
000000
000000
000000
000000
000000
000000
000000
000000
000000
000000
000000
000000
000000
000000
000000
000000
000000
000000
000000
000000
000000
000000
010101
2b2e2e
ffffff
caeef5
95c9e6
91b0dc
8fa7d4
96c5ed
898ec0
757baf
080042
0a0447
11094b
09197f
082db1
082fb4
1f5ce6
2267f4
0a31b4
526e9a
87b6b9
b1f3f9
b3cdcb
000000
000000
000000
000000
000000
000000
000000
000000
000000
000000
000000
000000
000000
000000
000000
000000
000000
000000
000000
000000
000000
000000
000000
000000
000000
000000
000000
000000
fcffff
a5e5ea
a4daea
9ac8e8
a4ddea
91b4e0
898bbe
7888ba
080042
10084a
10084a
100440
133ec2
2269f7
1748cb
1746c9
2164f0
2165f2
143dc3
00031e
000000
3d4040
000000
000000
000000
000000
000000
000000
000000
000000
000000
000000
000000
000000
000000
000000
000000
000000
000000
000000
000000
000000
000000
000000
000000
000000
000000
000000
000000
464949
557975
5a7b77
52736f
dcffff
a8bee3
94acdb
7da0cc
070040
10084a
10084a
100747
1334a8
2165f2
2062ee
2062ee
2062ee
2062ee
2062ee
2165f2
0f2f93
000000
000000
000000
000000
000000
000000
000000
000000
000000
000000
000000
000000
000000
000000
000000
000000
000000
000000
000000
000000
000000
000000
000000
000000
000000
000000
000000
000000
000000
000000
000000
000000
263634
bff1f7
7494b6
232b3f
0c0348
10084a
100747
10084a
100f5d
1d59e3
2062ee
2062ee
2062ee
2062ee
2062ee
2062ee
2062ee
2165f2
103198
000000
000000
000000
000000
000000
000000
000000
000000
000000
000000
000000
000000
000000
000000
000000
000000
000000
000000
000000
000000
000000
000000
000000
000000
000000
000000
000000
000000
000000
000000
000000
2d3e3c
618580
000000
11094f
10084a
100543
102ea4
100440
1331a3
2165f2
2062ee
2062ee
2062ee
2062ee
2062ee
2062ee
2062ee
2062ee
1e65fa
242524
000000
000000
000000
000000
000000
000000
000000
000000
000000
000000
000000
000000
000000
000000
000000
000000
000000
000000
000000
000000
000000
000000
000000
000000
000000
000000
000000
000000
000000
000000
000000
000000
080037
232257
100747
10299a
101b77
0e0c59
226afa
1237b4
2165f2
2062ee
2062ee
2062ee
2062ee
2062ee
2062ee
2062ee
1258ed
b5bbb8
000000
000000
000000
000000
000000
000000
000000
000000
000000
000000
000000
000000
000000
000000
000000
000000
000000
000000
000000
000000
000000
000000
000000
000000
000000
000000
000000
000000
000000
000000
000000
00000d
445171
0a0046
10115f
1133af
0b1778
1841b8
1c57df
0f2ca6
2165f2
2062ee
2062ee
2062ee
2062ee
5d8ff3
1258ed
2062ee
1358ed
f8fffe
000000
000000
000000
000000
000000
000000
000000
000000
000000
000000
000000
000000
000000
000000
000000
000000
000000
000000
000000
000000
000000
000000
000000
000000
000000
000000
000000
000000
000000
000000
000000
27303b
4d5f75
0c0244
072095
526bb5
5a5677
226bfd
143cba
102fa8
4f87f6
4e84f2
2163ee
2062ee
2062ee
8ab0f6
d0e3fc
1258ed
1358ed
fefefe
464f5f
000000
000000
000000
000000
000000
000000
000000
000000
000000
000000
000000
000000
000000
000000
000000
000000
000000
000000
000000
000000
000000
000000
000000
000000
000000
000000
000000
000000
000000
000000
352f40
4c5f75
04003d
7c92c0
93a4bd
5677c6
1d59e1
1030aa
2140ab
ffffff
ffffff
4e84f2
2062ee
195ded
c7ddfb
f5feff
cfe2fc
0c53ec
ffffff
808080
000000
000000
000000
000000
000000
000000
000000
000000
000000
000000
000000
000000
000000
000000
000000
000000
000000
000000
000000
000000
000000
000000
000000
000000
000000
000000
000000
000000
000000
000000
503a4f
636681
646d91
93a3bd
94a4bd
537fd7
143cbb
0325aa
9baabb
fcffff
f6ffff
c8ddfb
1258ed
1358ed
ffffff
f6ffff
fdffff
80abf8
eeebef
53374f
000000
000000
000000
000000
000000
000000
000000
000000
000000
000000
000000
000000
000000
000000
000000
000000
000000
000000
000000
000000
000000
000000
000000
000000
000000
000000
000000
000000
000000
000000
281d26
a87aa6
888ba7
95a6bf
94a4bd
dbe4e4
0020a6
7c8fba
8d9eb9
fcffff
f6ffff
f5feff
cfe2fc
487ff1
fdffff
f8ffff
e5e2eb
d7aec8
ecc4e0
372a2e
000000
000000
000000
000000
000000
000000
000000
000000
000000
000000
000000
000000
000000
000000
000000
000000
000000
000000
000000
000000
000000
000000
000000
000000
000000
000000
000000
000000
000000
000000
010001
281d26
715273
a283a8
8d94b0
b8c9d3
1d3cac
98a8be
8e9eb9
fcffff
f6ffff
f8ffff
ffffff
bedbff
e2dfea
ecd5e2
efc5e0
67606a
000000
010101
000000
000000
000000
000000
000000
000000
000000
000000
000000
000000
000000
000000
000000
000000
000000
000000
000000
000000
000000
000000
000000
000000
000000
000000
000000
000000
000000
000000
000000
000000
000000
000000
000000
5e4459
9b709c
9b6d98
ac9cb9
968aab
9185a8
ffeaf0
e6cedd
d3abc6
db9cbb
c088ae
dcb9cf
d0accd
000000
010101
000000
000000
000000
000000
000000
000000
000000
000000
000000
000000
000000
000000
000000
000000
000000
000000
000000
000000
000000
000000
000000
000000
000000
000000
000000
000000
000000
000000
000000
000000
000000
000000
000000
000000
000000
000000
e4abca
b4afc3
c39cbd
b89dba
745575
ffcfe8
59535c
b6afba
c7c8c8
ae79a6
b27fa9
c18cb8
000000
000000
000000
000000
000000
000000
000000
000000
000000
000000
000000
000000
000000
000000
000000
000000
000000
000000
000000
000000
000000
000000
000000
000000
000000
000000
000000
000000
000000
000000
000000
000000
000000
000000
000000
000000
000000
010001
684c5a
faf4f7
fde3ea
d5afcb
000000
000000
020202
000000
000000
4c394d
a87ca9
755778
000000
000000
000000
000000
000000
000000
000000
000000
000000
000000
000000
000000
000000
000000
000000
000000
000000
000000
000000
000000
000000
000000
000000
000000
000000
000000
000000
000000
000000
000000
000000
000000
000000
000000
000000
000000
000000
000000
170f19
cbbed5
e6bdd8
857a90
000000
000000
000000
000000
000000
010001
000000
000000
000000
000000
000000
000000
000000
000000
000000
000000
000000
000000
000000
000000
000000
000000
000000
000000
000000
000000
000000
000000
000000
000000
000000
000000
000000
000000
000000
000000
000000
000000
000000
000000
000000
000000
000000
000000
000000
000000
010001
000000
000000
000000
000000
000000
000000
000000
000000
000000
000000
000000
000000
000000
000000
000000
000000
000000
000000
000000
000000
000000
000000
000000
000000
000000
000000
000000
000000
000000
000000
000000
000000
000000
000000
000000
000000
000000
000000
000000
000000
000000
000000
000000
000000
000000
000000
000000
000000
000000
000000
000000
000000
000000
000000
000000
000000
000000
000000
000000
000000
000000
000000
000000
000000
000000
000000
000000
000000
000000
000000
000000
000000
000000
000000
000000
000000
000000
000000
000000
000000
000000
000000
000000
000000
000000
000000
000000
000000
000000
000000
000000
000000
000000
000000
000000
000000
000000
000000
000000
000000
000000
000000
000000
000000
000000
000000
000000
000000
000000
000000
000000
000000
000000
000000
000000
000000
000000
000000
000000
000000
000000
000000
000000
000000
000000
000000
000000
000000
000000
000000
000000
000000
000000
000000
000000
000000
000000
000000
000000
000000
000000
000000
000000
000000
000000
000000
000000
000000
000000
000000
000000
000000
000000
000000
000000
000000
000000
000000
000000
000000
000000
000000
000000
000000
000000
000000
000000
000000
000000
000000
000000
000000
000000
000000
000000
000000
000000
000000
000000
000000
000000
000000
000000
000000
000000
000000
000000
000000
000000
000000
000000
000000
000000
000000
000000
000000
000000
000000
000000
000000
000000
000000
000000
000000
000000
000000
000000
000000
000000
000000
000000
000000
000000
000000
000000
000000
000000
000000
000000
000000
000000
000000
000000
000000
000000
000000
000000
000000
000000
000000
000000
000000
000000
000000
000000
000000
000000
000000
000000
000000
000000
000000
000000
000000
000000
000000
000000
000000
000000
000000
000000
000000
000000
000000
000000
000000
000000
000000
000000
000000
000000
000000
000000
000000
000000
000000
000000
000000
000000
000000
000000
000000
000000
000000
000000
000000
000000
000000
000000
000000
000000
000000
000000
000000
000000
000000
000000
000000
000000
000000
000000
000000
000000
000000
000000
000000
000000
000000
000000
000000
000000
000000
000000
000000
000000
000000
000000
000000
000000
000000
000000
000000
000000
000000
000000
000000
000000
000000
000000
000000
000000
000000
000000
000000
000000
000000
000000
000000
000000
000000
000000
000000
000000
000000
000000
000000
000000
000000
000000
000000
000000
000000
000000
000000
000000
000000
000000
000000
000000
000000
000000
000000
000000
000000
000000
000000
000000
000000
000000
000000
000000
000000
000000
000000
000000
000000
000000
000000
000000
000000
000000
000000
000000
000000
000000
000000
000000
000000
000000
